11.31995140
8.59184110
8.51387870
8.45839320
8.52588890
8.44645690
8.50346210
8.45229080
8.53119360
8.44725760
8.51667670
8.44999020
8.54231750
8.42970170
8.53275540
8.45887360
8.55276160
8.45749130
8.52821170
8.46307150
8.54941480
8.47512470
8.53361060
8.45950850
8.51379290
8.44155390
8.51008410
8.46188970
8.52838810
8.41955400
8.50850420
8.45633450
8.52190600
8.45227390
8.54681400
8.45910240
8.53615900
8.45799900
8.55934050
8.51355340
8.57193350
8.49297150
8.55517910
8.47773990
8.56877870
8.48553010
8.56167660
8.48935410
8.53684580
8.48442970
8.57341780
8.52897950
8.52108500
8.46602890
8.51403520
8.47211760
8.53330510
8.47348330
8.50203150
8.42680720
8.50340170
8.43166810
8.50978710
8.43676610
8.57086320
8.52391630
8.58236110
8.50600170
8.56703390
8.49701150
8.55970320
8.52368820
8.55486260
8.52822760
8.57927090
8.54275870
8.60779140
8.53935560
8.61845210
8.54440720
8.60460420
8.54985350
8.61795960
8.54538940
8.59039050
8.53417680
8.59664080
8.52909760
8.57466460
8.46968290
8.53091480
8.46431580
8.52320850
8.46195140
8.52642750
8.48157010
8.55721540
8.51299100
8.53386190
8.49741800
8.55369700
8.47491360
8.56318370
8.48828770
8.54652320
8.48331260
8.55970650
8.48759520
8.57171940
8.49618920
8.57429350
8.47758070
8.55353750
8.51163440
8.57072640
8.47679060
8.53847930
8.47826220
8.54466070
8.45328630
8.53521210
8.47935750
8.55022580
8.44248000
8.49929380
8.45660990
8.53796060
8.47330960
8.53431670
8.61099460
8.53086240
8.47062170
8.55079580
8.42848590
8.52453380
8.46752260
8.50751840
8.44550780
8.53424860
8.42999020
8.51725340
8.44941580
8.54355870
8.45472810
8.53371890
8.46404440
8.56123050
8.46720070
8.54846100
8.47344170
8.54025040
8.45942330
8.51799410
8.48343470
8.53084920
8.46650850
8.50387430
8.43817320
8.56302160
8.47223760
8.54468060
8.48923100
8.53157400
8.44951290
8.53978900
8.48311990
8.55968080
8.47228790
8.55211850
8.46005390
8.53638560
8.48311400
8.55382240
8.47985980
8.56965140
8.48197450
8.52715370
8.46860040
8.56664100
8.48177300
8.53303840
8.50511150
8.53060920
8.50257990
8.55853710
8.50330480
8.50375620
8.44909490
8.49619140
8.43040580
8.50901520
8.44555020
8.49310440
8.46616510
8.50033400
8.42438650
8.49548870
8.44571820
8.51232160
8.45018370
8.54219710
8.45595500
8.53194330
8.44420080
8.54355000
8.45837280
8.55041710
8.46389630
8.56423860
8.47402850
8.56630670
8.48167080
8.53756300
8.47623580
8.53608550
8.48016790
8.51258860
8.47265690
8.53399620
8.45992730
8.51160610
8.43384050
8.50541190
8.46364390
8.51183370
8.49180020
8.52649720
8.45804740
8.52205870
8.48792470
8.54140130
8.48247230
8.53853760
8.52419160
8.55624370
8.46102340
8.53823100
8.49961150
8.54666610
8.48794410
8.53495020
8.45698750
8.55834750
8.49602850
8.55066950
8.50361420
8.52269730
8.48682090
8.53185760
8.46884530
8.51616480
8.44875140
8.48984980
8.46649640
8.51018820
8.44772160
8.49341720
8.46866220
8.50470100
8.45475520
8.49098540
8.42564820
8.51451120
8.44074110
8.52319800
8.46262350
8.54017450
8.49359860
8.54656090
8.50304320
8.54347480
8.47511090
8.54509220
8.48421250
8.55971980
8.46220490
8.54140640
8.47050850
8.53995390
8.48551670
8.54962240
8.47798480
8.52102240
8.46866380
8.52672790
8.49934310
8.52295800
8.49465610
8.51222270
8.47680560
8.52634950
8.46888420
8.54025470
8.47044900
8.54237550
8.47991510
8.54373100
8.48533330
8.56423680
8.46772580
8.55773780
8.49904990
8.54237470
8.47116080
8.57056070
8.51114310
8.60531970
8.47610260
8.54769150
8.48598800
8.52646700
8.45985430
8.53395040
8.49104010
8.55332020
8.47260840
8.50798090
8.43804960
8.51751810
8.44993850
8.51459440
8.47266610
8.52179560
8.44013120
8.54293490
8.43184200
8.50426590
8.45134130
8.52060190
8.45238430
8.54572920
8.45213820
8.53397090
8.46816640
8.56096160
8.49079770
8.56441790
8.46766010
8.55190730
8.47001320
8.54271890
8.46118580
8.54478670
8.46348640
8.52451360
8.46274720
8.53356140
8.45438890
8.51153500
8.46948800
8.55013150
8.47619790
8.50700060
8.48799550
8.53679600
8.49392820
8.56189870
8.49360940
8.56009040
8.50483810
8.55337540
8.48308630
8.55523370
8.46468990
8.54358720
8.47131900
8.55130260
8.47464670
8.53385760
8.49122250
8.56919940
8.47887570
8.55582130
8.49612270
8.52475560
8.49680770
8.53303610
8.44318940
8.50572470
8.43732140
8.50475170
8.42304930
8.50521910
8.46041640
8.50111170
8.44813810
8.54377020
8.45021300
8.49118970
8.42626190
8.50309230
8.44169620
8.49310670
8.45845490
8.53468460
8.43736420
8.53930030
8.47169380
8.54679050
8.45537160
8.54232010
8.45672080
8.54244210
8.46878510
8.54762040
8.47900480
8.52826420
8.45037490
8.51347870
8.47024860
8.51851970
8.46900940
8.54683970
8.44183610
8.54522860
8.44705100
8.51613720
8.45275060
8.52406480
8.44567860
8.53311570
8.48165360
8.53685510
8.48431900
8.53573740
8.44463500
8.53863010
8.49696600
8.57464710
8.48335920
8.57224420
8.48025760
8.53487120
8.50285300
8.57906300
8.47290590
8.54142640
8.50758830
8.54638760
8.50305820
8.54290030
8.48607300
8.52088970
8.45415510
8.50638510
8.43485500
8.50154060
8.47449690
8.50455810
8.46973730
8.53636050
8.44374010
8.49456160
8.44416240
8.51183880
8.44541340
8.52084830
8.46144980
8.56623350
8.45141200
8.53689640
8.46155610
8.57556640
8.47302870
8.59207450
8.50781560
8.56178060
8.51257600
8.57106250
8.51693240
8.53792140
8.49154590
8.52403140
8.46020020
8.55025520
8.48345240
8.53539390
8.46424270
8.54868400
8.47982730
8.55065110
8.49770630
8.50481010
8.45325910
8.52689370
8.49655170
8.53503680
8.48450830
8.53338880
8.46967260
8.53630680
8.50292110
8.58208530
8.49870180
8.54139060
8.48017740
8.55413350
8.48097990
8.56982140
8.48455780
8.56134360
8.51643420
8.51628510
8.46795920
8.53516190
8.45448600
8.52898230
8.43480540
8.49799410
8.43555500
8.51168520
8.44253580
8.50888120
8.48431070
8.51240820
8.46224220
8.51763210
8.45350740
8.50120080
8.44521770
8.51206680
8.49689510
8.57837640
8.49090310
8.55414040
8.46021480
8.54574750
8.47224450
8.54699600
8.47096070
8.55606130
8.46888880
8.53726330
8.48731170
8.56603930
8.46528400
8.54143920
8.48740200
8.52975380
8.45827970
8.53690950
8.45277910
8.51813790
8.44930590
8.51739750
8.49331050
8.54095170
8.45750790
8.51756930
8.45568360
8.57422300
8.46261370
8.53399420
8.46523900
8.56732210
8.47313980
8.54422210
8.47626510
8.55001240
8.46913300
8.54104880
8.47461110
8.58528770
8.48929670
8.54568730
8.47816970
8.53883910
8.46354870
8.52785460
8.50136160
8.50759600
8.43404900
8.48807260
8.44237100
8.50438120
8.62602820
8.49171100
8.44444610
8.52429410
8.43197600
8.49468760
8.46245230
8.49200710
8.46201620
8.49245980
8.45123740
8.56267270
8.45323890
8.55211510
8.46459410
8.53285910
8.44214840
8.52062780
8.46507150
8.56507600
8.47342460
8.54659320
8.46093160
8.51258910
8.45009590
8.54806490
8.48877730
8.52378740
8.44338490
8.52699800
8.44245900
8.50824110
8.44688620
8.52514630
8.46264300
8.52416680
8.44603140
8.51061670
8.45979850
8.52387600
8.49335680
8.55950530
8.48482290
8.54145980
8.46528650
8.54385900
8.48290740
8.54292620
8.45785260
8.54100590
8.48365460
8.54808840
8.47690670
8.54884110
8.48376740
8.52353890
8.49231870
8.56456020
8.46048410
8.51904030
8.48616080
8.51454540
8.44953030
8.52948790
8.45718890
8.52137730
8.47500500
8.51283710
8.45002610
8.50447690
8.43663070
8.51738210
8.44586300
8.52765890
8.46068210
8.54456810
8.47091550
8.52175740
8.44340960
8.54902060
8.46085880
8.54601400
8.46051590
8.54286590
8.46503410
8.55337190
8.49233580
8.55709420
8.45033710
8.53426330
8.46570060
8.53199060
8.45468390
8.52055980
8.48101740
8.52044090
8.48659990
8.51035640
8.50068820
8.51315130
8.46301790
8.51941780
8.46519140
8.54954300
8.49198160
8.53512000
8.47729460
8.55619240
8.49431980
8.55453070
8.49512970
8.54082850
8.48532290
8.56200900
8.51374750
8.56826290
8.49371940
8.55884790
8.49187360
8.53222620
8.49337200
8.55381670
8.46701340
8.51935370
8.45908150
8.49442730
8.44316220
8.50719070
8.42318610
8.51171630
8.44854990
8.50357880
8.41326500
8.52201870
8.44299440
8.50666440
8.46146500
8.52128560
8.45714870
8.56188800
8.43231670
8.52037030
9.67240190
8.57996560
8.55174190
8.55784110
8.49947390
8.53441390
8.45560950
8.51943610
8.45582090
8.56147650
8.46432830
8.51654090
8.44780280
8.53341910
8.49127160
8.52626670
8.48034960
8.53356010
8.47076320
8.51885930
8.50428490
8.55180670
8.45611720
8.52211410
8.49536520
8.55930300
8.47237740
8.54133930
8.46197100
8.55164590
8.48117530
8.55547550
8.47685120
8.53718140
8.48342400
8.55428960
8.48815700
8.57616010
8.48573780
8.53468620
8.47143910
8.55024200
8.48096000
8.52355490
8.45711280
8.54897550
8.42516880
8.50374090
8.45122010
8.52309790
8.45385070
8.49778670
8.48434070
8.52614370
8.44515800
8.52308490
8.42961140
8.52280680
8.47763750
8.52633460
8.46499350
8.52666660
8.45176070
8.54988090
8.47914310
8.52700030
8.47915330
8.54527190
8.48699120
8.54288540
8.46125520
8.56159460
8.48961330
8.51881370
8.45786350
8.51270470
8.44934810
8.52264520
8.44755720
8.50752390
8.47371850
8.52880890
8.47718020
8.49868660
8.47184570
8.50145070
8.43766310
8.51957840
8.47450240
8.54288250
8.45859570
8.52784010
8.49685430
8.52682630
8.47241400
8.56084960
8.47846140
8.52492080
8.48810180
8.53376430
8.50160960
8.56433040
8.48686950
8.52166020
8.46888490
8.53090000
8.47720680
8.52214600
8.46858270
8.50139330
8.45917500
8.49926010
8.41900710
8.52094910
8.44097760
8.51861690
8.47322270
8.50201600
8.44496110
8.51406690
8.44466580
8.50629310
8.46367110
8.50386400
8.45193060
8.51554520
8.47138180
8.52997560
8.45983570
8.52338560
8.44581790
8.54839190
8.45336400
8.56080070
8.45997900
8.55314300
8.46515790
8.54746980
8.45798280
8.53182170
8.44007160
8.53705000
8.44602920
8.54016410
8.46164210
8.50373320
8.44673270
8.52707630
8.47908220
8.49967720
8.44553120
8.51268000
8.46008270
8.55188770
8.50150990
8.53010880
8.46619070
8.53527580
8.48952330
8.57434460
8.46550500
8.56985340
8.48796200
8.52794750
8.46554570
8.56044810
8.48922840
8.56638270
8.47877230
8.55641810
8.48008270
8.54527270
8.45817940
8.51851820
8.45666850
8.52473360
8.42205930
8.50950820
8.43698920
8.47997040
8.46592150
8.50868060
8.42681420
8.49913960
8.42894260
8.49966790
8.42239470
8.50371470
8.45532690
8.52918110
8.45391970
8.56054670
8.46649280
8.52773710
8.42690140
8.51753920
8.45618090
8.53371010
8.48736620
8.53033670
8.46454850
8.52961690
8.43273870
8.54122950
8.46250160
8.51168680
8.44131180
8.52249840
8.43581170
8.50322960
8.45330700
8.48963250
8.46373870
8.50703560
8.45478930
8.54916080
8.47156950
8.56688130
8.48097070
8.53008770
8.45971830
8.53862200
8.46957430
8.58374430
8.49391620
8.54023860
8.46960250
8.54293100
8.47185810
8.55313230
8.47271720
8.54264170
8.45817910
8.54423920
8.45709530
8.54648220
8.46470130
8.53628920
8.45321160
8.52664340
8.43151530
8.49959570
8.43477370
8.52088380
8.47777390
8.52296150
8.44655000
8.50200600
8.41941080
8.53149860
8.43304680
8.51732670
8.45139450
8.51475270
8.47528370
8.52302910
8.46736480
8.53123770
8.45008220
8.55251450
8.46706750
8.56493060
8.46299400
8.55749260
8.51992970
8.58829260
8.53047160
8.58396820
8.52609510
8.58401330
8.55309710
8.56719560
8.54315000
8.59332800
8.55742440
8.52334850
8.47539700
8.53639840
8.47092160
8.53568610
8.45483030
8.53043950
8.47819240
