11.88102636
10.18616873
10.09977236
10.11038427
10.05841800
10.09578027
10.07292355
10.08770600
10.06404518
10.10240282
10.09565127
10.05693745
10.13522218
10.08292873
10.11022436
10.13724173
10.09351345
10.06245700
10.05782945
10.04400236
10.02454591
10.04692636
10.05628918
10.03266573
10.03585245
10.01729264
10.00878418
10.02242491
10.04039218
10.06762664
10.12231891
10.07855964
10.04845491
10.06848736
10.03912582
10.05218500
10.04877482
10.06147955
10.06936700
10.08359000
10.11687600
10.09820436
9.99888800
9.95735136
10.10030764
10.12648545
10.12406500
10.14932009
10.08187773
10.02242700
10.05620236
10.03400800
10.04372182
10.07496491
10.07261045
10.08484591
10.07946473
10.02182327
10.03681409
9.98446918
10.03366591
10.09788436
10.12729945
10.08790991
10.07564745
10.08421091
10.07098382
10.05437245
10.05171464
10.05737818
10.07993327
10.09515655
10.09377627
10.09946236
10.08419973
10.09697100
10.11289427
10.11374009
10.12005182
10.13591736
10.08923455
10.08925964
10.08689155
10.06210127
10.06851145
10.03875218
10.03041864
10.03286918
10.02378955
10.00779882
10.01223927
10.04205936
10.07827882
10.11038545
10.10252273
10.09191645
10.04900336
10.05766009
10.08382255
10.06279736
10.08021318
10.05420955
10.07062573
10.11377745
10.10464945
10.09623118
10.11681673
10.10378864
10.09047218
10.09809436
10.12094464
10.13689627
10.10644718
10.10814264
10.09202645
10.07948427
10.09549882
10.11404400
10.11520127
10.12087700
10.09734736
10.09596564
10.07882800
10.06201000
10.08655155
10.10490418
10.13812709
10.11871155
10.10767009
10.09916355
10.08416291
10.09472409
10.08362645
10.08462618
10.12596809
10.09839991
10.06374318
10.08705036
10.11722718
10.10054536
10.02977909
10.04445845
10.13822255
10.14972536
10.11929700
10.11788727
10.11351718
10.12497945
10.32161664
10.12164936
10.06986591
10.05766327
10.01163955
9.99572927
10.01819736
10.06284309
10.04434855
10.07519018
10.10128127
10.07726309
10.03957927
10.03176409
10.03145082
10.05146873
10.04273100
10.06765555
10.07608545
10.05395791
10.10015145
10.12382673
10.12261236
10.09442282
10.14663309
10.12185564
10.11262318
10.13901000
10.08893700
10.11695573
10.06373845
10.03791209
10.05518073
10.05292473
10.05523955
10.09242755
10.07724955
10.03861109
10.03363473
10.03076000
10.05274018
10.06598436
10.10797482
10.07596745
10.02279155
10.06855800
10.05197591
10.07140518
10.07453418
10.07243009
10.09347664
10.06493545
9.98550155
10.08524982
10.08526518
10.07053427
10.10614682
10.28309082
10.14565127
10.16463136
10.11762091
10.06719809
10.07671109
10.03914436
10.05418482
10.07096218
10.03163164
10.06285900
10.05124418
10.00979536
10.01833682
10.01254882
10.03658500
10.07881964
10.09197518
10.08106545
10.05199800
10.06838782
10.03220727
10.07992536
10.11062145
10.06747355
10.09761900
10.09942882
10.11236700
10.11731609
10.13488264
10.12682609
10.13474345
10.14137845
10.14503773
10.16121973
10.11795527
10.09823309
10.09146873
10.06170018
10.05427936
10.07726882
10.08377109
10.06812600
10.08064673
10.05940545
10.06466364
10.01812618
10.05680345
10.10258573
10.11729391
10.09637436
10.09922682
10.08036991
10.07747555
10.08605173
10.09565791
10.09881500
10.11362127
10.12513700
10.10421282
10.13766327
10.12957273
10.10087845
10.13774327
10.14148691
10.16975127
10.17515309
10.04587118
10.04391845
10.02723755
10.02591555
10.05699382
10.07287736
10.04841818
10.03171645
10.01290755
10.00686527
10.00685491
9.99409091
10.01986255
10.09588300
10.11843182
10.09597236
10.06426300
10.05934873
10.05372018
10.04943082
10.07100982
10.06345009
10.08895482
10.08720055
10.09836145
10.12443209
10.09663764
10.09784145
10.12523273
10.09619745
10.12567755
10.14953964
10.08962082
10.06244991
10.05521618
10.06637200
10.04489436
10.05254309
10.06942609
10.06987073
10.08790609
10.02584364
10.02294245
10.04720664
10.07618482
10.09261073
10.14037300
10.08717664
10.04168200
10.04485982
10.12261782
10.07925618
10.12566355
10.09567109
10.10871009
10.05566500
10.07891673
10.10594400
10.09888918
10.07419645
10.11366927
10.11416764
10.15329009
10.14174455
10.10112173
10.09218455
10.11638218
10.05919182
10.05741118
10.06322945
10.06024127
10.02966609
10.04915873
10.03113845
10.03275318
10.03326873
10.06017773
10.09016973
10.10202218
10.12313900
10.06460536
10.05269273
10.04170173
10.04999955
10.07776682
10.06875600
10.03739464
10.11779355
10.08278064
10.10837955
10.11547918
10.09028264
10.13256927
10.10126882
10.11612627
10.13202000
10.12039164
10.05980591
10.05890518
10.04676282
10.25181391
11.09689309
10.05475645
10.03360936
10.26098964
10.05925364
10.11976300
10.06054418
10.01892782
10.07968355
10.12992809
10.08430564
10.07822209
10.07163045
10.06896273
10.07015055
10.08518591
10.10803291
9.99578773
9.98491882
10.08491409
10.11728164
10.13589873
10.12329536
10.14537545
10.13456945
10.10539300
10.15252336
10.10988909
10.08946973
10.09484000
10.08728291
10.06049145
10.07327127
10.04779036
10.06874482
10.01730245
10.03433873
10.01158173
10.03015982
10.03988509
10.09750755
10.12282864
10.08212000
10.09715127
10.05315427
10.06864900
10.09050291
10.07410791
10.07779745
10.10597036
10.09352873
10.06219427
10.11342645
10.11830964
10.10357055
10.09545027
10.10742418
10.13545027
10.16921482
10.10409364
10.06296736
10.06569609
10.08935627
10.08130182
10.08170055
10.05527564
10.06087427
10.07134927
10.05308682
10.03709964
10.04787709
10.05318418
10.07374036
10.10451845
10.10880427
10.04740373
10.05627355
10.09694164
10.08681436
10.06886782
10.07484673
10.06446982
10.09805491
10.09817545
10.12297118
10.09308991
10.11401091
10.10393927
10.12730518
10.12314855
10.14499409
10.09013800
10.07661036
10.06733145
10.04773909
10.07617991
10.03985836
10.04842836
10.04704145
10.04204718
9.98972036
10.03778827
10.02712155
10.06597345
10.08081209
10.11946473
10.10922982
10.05259045
10.06994255
10.06742718
10.05730536
9.99582336
10.00638700
9.96630964
10.01091673
10.10132945
10.10410045
10.11990682
10.11850555
10.15198127
10.13584255
10.17153336
10.15754545
10.10402591
10.06946200
10.09545191
10.06348273
10.09621527
10.05644327
10.07526418
10.03630709
10.07535109
10.04718291
10.03651500
10.05028818
10.03943136
10.09141055
10.13581864
10.10876500
10.07056655
10.06648155
10.07766073
10.06843573
10.07513600
10.06672473
10.09019482
10.08691664
10.07448482
10.11692291
10.10675882
10.11204518
10.11958182
10.09164564
10.12493600
10.17464236
10.11976845
10.08747727
10.10361864
10.04967273
10.08462700
10.04474245
10.06149836
10.06580636
10.04560264
10.06991445
10.00697891
10.03275200
10.06318373
10.07831173
10.12469427
10.10699027
10.06292691
10.04918000
10.05357791
10.07467191
10.07056600
10.09612718
10.06822227
10.07836055
10.08231155
10.10223327
10.11192500
10.10423764
10.10534982
10.10265164
10.13580418
10.12526691
10.07511245
10.10400709
10.10991127
10.06344345
10.01890591
10.05528736
10.05849709
10.07490182
10.06183755
10.04124509
10.05262309
10.02046100
10.04670273
10.04815091
10.09429355
10.10101309
10.08461500
10.07109900
10.06665764
10.09494355
10.07715818
10.06110509
10.12220509
10.07054236
10.07346136
10.10428145
10.11853264
10.11185545
10.15662018
10.13345827
10.09849500
10.05098491
10.00187891
10.00038018
10.05943836
10.05890436
10.05713655
10.05674909
10.03234218
10.06466191
10.04154336
10.00443964
10.04943609
10.04409309
10.02190564
10.08667445
10.11496491
10.07667291
10.07116936
10.09417191
10.06000527
10.09518627
10.09986509
10.10572782
10.07831864
10.09301655
10.00589000
10.11496118
10.12132100
10.11262964
10.13969500
10.10166327
10.14799691
10.15707700
10.02460264
10.02887491
10.04033964
10.00103273
10.07971609
10.06005845
10.04360364
10.07390473
10.09174209
10.06688764
10.03578900
10.05180391
10.08257200
10.07887255
10.13612773
10.10333127
10.02365609
10.01452455
10.11642809
10.10861936
10.10717718
10.11576709
10.12892082
10.11469455
10.10826118
10.14996200
10.09235255
10.12690100
10.14972645
10.15574136
10.15323736
10.15868900
10.13530636
10.02048736
10.02412336
10.00180382
10.06310282
10.07844300
10.05964900
10.03245064
10.00955391
10.00103209
10.03400627
10.00685918
10.03659755
10.06027836
10.12233391
10.09497164
10.06443309
10.03655836
10.08722691
10.09241327
10.01263291
10.08188473
10.11001500
10.07816800
10.11891009
10.12422509
10.09928309
10.09527391
10.13619909
10.11315927
10.12415527
10.13789655
10.07841345
10.06277373
10.05558609
10.02314345
10.03963991
10.04461591
10.05862764
10.03659082
10.03845045
10.03259200
10.02780773
10.03104691
10.05848900
10.18803300
10.12974273
10.13428109
10.05911700
10.03575727
10.06864455
10.04087691
10.10197609
10.08225345
10.08276655
10.07701282
10.00783145
10.11099391
10.10325064
10.11146364
9.99378973
10.01923873
10.05211909
10.05378564
10.09575818
10.10047273
10.06865327
10.04508791
10.03410155
10.05545836
10.05202782
10.03666136
10.02983064
10.01807845
9.99267709
10.04382991
10.06572027
10.08521600
10.15491155
10.09841573
10.07376736
10.08441136
10.05398645
10.05986018
10.00710491
10.06775755
10.07408918
10.09170782
10.09248782
10.12351018
10.11358773
10.07469064
10.07160064
10.09100591
10.11085836
10.14046264
10.11182755
10.06833982
10.04441427
10.08515555
10.09370582
10.03883064
10.06325591
10.06860109
10.05061273
10.03169082
10.04195827
10.06369000
10.02128036
10.06536682
10.09528509
10.08354600
10.07221409
10.08562064
10.05407809
10.06441200
10.05513100
10.11071755
10.07087727
10.04624291
10.08153664
10.10589009
10.07741209
10.09744164
10.11993473
10.10151373
10.10978455
10.14991691
10.09703500
10.07429400
10.07980655
10.06636382
10.05416300
10.05030564
10.05097200
10.06678445
9.98647764
9.96894364
10.00082200
10.05207364
10.05567845
10.09923518
10.12484691
10.10599682
10.08088273
10.06231973
10.07940473
10.06574327
10.09097218
10.07754182
10.09394227
10.07089536
10.11815200
10.11262082
10.10202791
10.10437091
10.14534500
10.09805491
10.11695382
10.12668227
10.08993336
10.05686400
10.05708482
10.07881600
10.05938091
10.06490191
10.03141136
10.05810745
10.00541773
9.99528218
10.01066073
10.02034000
10.04822291
10.05237609
10.10488273
10.07605473
10.02462818
10.05385764
10.04944455
10.06241191
9.98466555
10.04347427
10.07098218
10.05495536
10.07657082
10.05808718
10.09338809
10.06909455
10.10095409
10.08643045
10.12626936
10.13181082
10.10070755
10.08647300
10.06255864
10.04007482
10.04353427
10.07006055
10.04045418
10.02844200
10.02869418
10.02822273
10.01595000
10.04574064
10.07277282
10.09958645
10.11078791
10.09268345
10.05654073
10.05468673
10.05648945
10.06873855
10.06283336
10.04808082
10.08429182
10.09007545
10.09437627
10.10877191
10.11790364
10.09391709
10.10567345
10.08630327
10.09722773
10.10458482
10.07827218
10.06543327
10.06179055
10.03367300
10.05747600
10.05291518
10.07066064
10.05125273
10.06065009
10.03408127
10.03600173
10.02290618
10.02721236
10.07850145
10.12489936
10.09810900
10.05518573
10.06933155
10.05777218
10.09211409
10.06526282
10.06127355
10.07397300
10.06310273
10.09440291
10.05728445
9.99635682
10.05019000
10.10012827
10.09635918
10.10027591
10.11049882
10.09874282
10.07382182
10.07891609
10.03843064
10.04678773
10.06456455
10.03527064
10.03576736
10.04443027
10.01682845
10.01182200
10.05806936
10.05670127
10.07989764
10.11224855
10.08052155
10.05134045
10.05306518
10.04963200
10.06959091
10.08391682
10.10639491
10.07559291
10.10613627
10.08419255
10.13349936
10.09758327
10.08467100
10.08900564
10.08981955
10.14212218
10.13402200
10.08638082
10.05659691
10.05254336
10.05113709
10.03941964
10.06533345
10.04021218
10.01526882
10.05229164
10.03598545
10.01877673
10.03829936
10.06106136
10.07342336
10.15874055
10.07352627
10.05269464
10.06278582
10.07822218
10.07640464
10.10112109
10.05293327
10.07492345
10.08208827
9.97604855
9.98958982
10.08209464
10.10013018
10.12483673
10.08997500
10.13689045
10.11052836
10.09438982
10.06723764
10.06306391
10.03525391
10.03433645
10.04462536
10.03780391
10.01678082
10.01646491
10.02284436
10.02876664
10.02397309
10.05448464
10.07911564
10.13074945
10.08313255
10.03558573
10.08067191
10.08037964
10.06089791
10.06644773
10.06289173
10.08160727
10.06700136
