13.08547067
10.53976292
10.46911850
10.44605700
10.44893225
10.42809725
10.50691758
10.43931000
10.47788150
10.45209567
10.45436050
10.48497483
10.45457258
10.45806408
10.44895350
10.45943875
10.42960925
10.44134592
10.47089983
10.44479642
10.45135175
10.43306508
10.44648850
10.45662833
10.45169917
10.40006550
10.44329458
10.41204383
10.44943192
10.46105558
10.48408942
10.45180150
10.49765300
10.46347517
10.43758258
10.46059208
10.49238825
10.44508975
10.48216292
10.47396433
10.49098333
10.48897600
10.50309625
10.51382792
10.48933700
10.47551633
10.49057767
10.48414050
10.51058033
10.49701750
10.50586192
10.48174008
10.51601667
10.48860442
10.50882183
10.51671892
10.49836458
10.48993342
10.51571917
10.54604333
10.49095125
10.47374642
10.45125417
10.48298817
10.49670967
10.48226550
10.49478192
10.49451908
10.48299142
10.47498050
10.53006550
10.52044408
10.48064708
10.45876883
10.46164483
10.47489583
10.46282917
10.44933275
10.43478108
10.43048425
10.44575808
10.40617450
10.46709542
10.44059458
10.45015750
10.44729942
10.45907467
10.42652275
10.46015267
10.44022383
10.45125217
10.45739058
10.48445717
10.47000750
10.49532833
10.48734375
10.48948725
10.46216808
10.46555967
10.48883708
10.44098383
10.43958242
10.47026250
10.48108125
10.47910192
10.45226183
10.51988575
10.49269417
10.47431475
10.48317200
10.49930508
10.48400483
10.51241608
10.46541092
10.49691883
10.48319992
10.50312917
10.49474558
10.52219742
10.50789092
10.51864500
10.50206383
10.50207275
10.48937450
10.49949058
10.47604333
10.48711808
10.50552392
10.49783525
10.46852475
10.46702200
10.44889400
10.45253842
10.47374292
10.48738842
10.57193208
10.56831375
10.50303708
10.48446858
10.45616242
10.47248408
10.46268892
10.45642258
10.44026325
10.44640075
10.43550992
10.45284608
10.42871858
10.43382933
10.43269542
10.42532908
10.41748483
10.45215958
10.44475858
10.43920275
10.40209425
10.43929058
10.42912125
10.45642908
10.45878775
10.47110417
10.42524150
10.44209167
10.39623725
10.44343042
10.42932058
10.45717883
10.45990317
10.47239900
10.43432325
10.47774192
10.46123492
10.51981767
10.50025517
10.51865742
10.47400658
10.50919617
10.52141033
10.52066158
10.47766167
10.50475250
10.50551192
10.51710025
10.52326492
10.51746792
10.51192575
10.51152767
10.48233717
10.49272358
10.48045775
10.49638417
10.52932050
10.53793758
10.51314058
10.49017625
10.49959083
10.48422675
10.48025033
10.51732192
10.49199392
10.50244317
10.52440083
10.50744250
10.48747258
10.48628767
10.47027150
10.49028333
10.44294458
10.45917467
10.45299025
10.51001792
10.46191200
10.48484258
10.44899425
10.46358275
10.44709025
10.47568942
10.46385492
10.46661850
10.40820175
10.43041033
10.43065817
10.45211375
10.46761533
10.48107908
10.47416850
10.49577967
10.48148458
10.43697650
10.43138517
10.46250483
10.47161950
10.47029825
10.47033208
10.50280708
10.46557742
10.47038642
10.44866833
10.48447775
10.44307475
10.48243367
10.44554700
10.47166408
10.45798708
10.48294600
10.46140392
10.47599200
10.48314317
10.51888483
10.51575692
10.49151892
10.46835850
10.48267383
10.48049358
10.46977825
10.47540225
10.50406950
10.46153500
10.45799758
10.43114908
10.43692650
10.43831967
10.47187783
10.44579075
10.46163167
10.44125858
10.47041508
10.44792125
10.43284325
10.45410758
10.44091467
10.41663442
10.44009883
10.42102467
10.44636892
10.46486825
10.47997442
10.46341300
10.48214967
10.44754692
10.47334742
10.46199983
10.47209383
10.43501242
10.46642658
10.46401808
10.48720733
10.49249950
10.49798683
10.46438242
10.46187917
10.45794400
10.44500533
10.42216775
10.44704300
10.44202750
10.47510767
10.46270508
10.49906467
10.55283725
10.48989458
10.46272467
10.50952433
10.45122883
10.49276475
10.48840250
10.48744725
10.45307575
10.49277058
10.47554917
10.49174333
10.45794200
10.50457258
10.48019408
10.49444542
10.47254058
10.49496683
10.45743983
10.46155492
10.51990633
10.49904442
10.45735558
10.46513733
10.45450017
10.46915992
10.46179075
10.49095625
10.47941617
10.45948617
10.43790958
10.44421942
10.43777417
10.43984908
10.42561658
10.44142800
10.41332750
10.45630367
10.42509358
10.46037517
10.42457692
10.43574075
10.42509275
10.43131433
10.43395742
10.44611192
10.41859650
10.43723625
10.41437633
10.43492217
10.46299675
10.45914767
10.50667208
10.48309400
10.47330983
10.48208867
10.42520133
10.44054767
10.44064975
10.49706042
10.48177825
10.49788875
10.44088500
10.49229258
10.44976608
10.49546350
10.45655433
10.48963325
10.47162175
10.47107258
10.44855183
10.48051358
10.48449550
10.49035125
10.51071875
10.50257708
10.49750275
10.51055958
10.48661258
10.48185867
10.47725692
10.47407492
10.45971025
10.46854608
10.48721483
10.47901267
10.44743375
10.44653700
10.44798883
10.43892808
10.46141392
10.51252800
10.46166042
10.47119375
10.47152658
10.45355100
10.44484325
10.47726425
10.43941750
10.43529075
10.42144383
10.46143175
10.41336433
10.44174000
10.43739425
10.42773508
10.41802833
10.41447817
10.43766442
10.43679900
10.41835233
10.45181550
10.46305892
10.45304100
10.43074583
10.44707483
10.47958642
10.49340367
10.43689033
10.45196792
10.43128117
10.44775350
10.43875633
10.47611567
10.45028308
10.46950008
10.45307750
10.48447792
10.45950458
10.49574350
10.48767783
10.48453092
10.45854433
10.49017483
10.46722225
10.50385183
10.46154900
10.51839233
10.49289867
10.50069292
10.46589258
10.50297692
10.48162483
10.51842292
10.48571433
10.48776617
10.46921917
10.44667758
10.47205617
10.48101317
10.45584600
10.45662900
10.43956975
10.45621542
10.45997783
10.50400608
10.45635975
10.45557650
10.46215150
10.44421333
10.44122717
10.45103842
10.43381758
10.43971958
10.41937658
10.44664592
10.41355408
10.45953825
10.42775700
10.45581842
10.43196450
10.44551867
10.41796267
10.43708842
10.41456850
10.42118992
10.43068217
10.45544958
10.41628450
10.44250883
10.47503725
10.49288533
10.46387842
10.44536017
10.44789317
10.43989900
10.42403033
10.45848258
10.44033042
10.46342383
10.44172675
10.49298317
10.45458958
10.46581392
10.47907600
10.49473108
10.44531350
10.50348592
10.49079267
10.47513450
10.46460308
10.48466575
10.46552025
10.48062300
10.48515250
10.49750350
10.46237617
10.49953792
10.46673483
10.47236075
10.44657458
10.44299108
10.50591308
10.49540750
10.47049700
10.46346950
10.48362325
10.50780717
10.47711075
10.50484992
10.50612075
10.49524825
10.49024525
10.47706850
10.44905400
10.46275233
10.49005808
10.49473400
10.45599283
10.47176858
10.45063817
10.47532700
10.44434142
10.47237250
10.45384200
10.46820558
10.45906892
10.47406442
10.44736658
10.45438358
10.48792725
10.46712942
10.48146150
10.46341275
10.50560125
10.49182083
10.44256267
10.44637708
10.44062792
10.45754858
10.45079550
10.47588025
10.46697125
10.47622383
10.47193500
10.49267225
10.46249600
10.49745442
10.49266267
10.50963950
10.49292425
10.51977967
10.47519383
10.49989192
10.47468808
10.49502675
10.47703008
10.49734175
10.48740925
10.51858150
10.50089958
10.50284867
10.46418983
10.48358158
10.46674808
10.48721075
10.49861208
10.51307917
10.46990317
10.46112558
10.47328092
10.46697825
10.44991133
10.48767650
10.47143292
10.47432975
10.42854108
10.46078542
10.42580642
10.44429925
10.41080858
10.43472025
10.39503975
10.43017775
10.55513067
10.42690217
10.41543200
10.42688058
10.43734275
10.44824058
10.40623050
10.43752758
10.42434292
10.41495142
10.41474892
10.46543017
10.43983133
10.43299875
10.45941700
10.51640058
10.46807175
10.46614783
10.45515458
10.46851258
10.55662908
10.48912092
10.51830483
10.47928658
10.46254500
10.49795100
10.47720125
10.52518167
10.46977008
10.48290850
10.47913658
10.50815742
10.47019100
10.50969875
10.48487483
10.49084133
10.50104383
10.50719908
10.48410733
10.50573258
10.52512842
10.50412767
10.49456225
10.50487608
10.48618950
10.47279367
10.49111750
10.50069675
10.47296200
10.48214467
10.45510292
10.46559867
10.48102042
10.49873317
10.50522825
10.48262950
10.46531592
10.49065458
10.46356883
10.47836567
10.44403767
10.45444725
10.44787842
10.45903058
10.44666933
10.46802600
10.43273642
10.45928383
10.42580942
10.44696783
10.42823283
10.44725900
10.41577567
10.44096008
10.41860425
10.44689417
10.42916350
10.47857042
10.47148625
10.47920592
10.42974883
10.46886925
10.42435675
10.45983908
10.44025108
10.48108067
10.47040742
10.48032842
10.47645467
10.51512517
10.45777342
10.48861050
10.46222400
10.48741192
10.44591233
10.48434367
10.46710250
10.48379208
10.49109950
10.48830533
10.47371550
10.47922175
10.49341817
10.49722583
10.47995158
10.48739383
10.48933758
10.47144775
10.47330792
10.45769142
10.46569208
10.49590750
10.44487783
10.46927383
10.46403450
10.47870267
10.46285683
10.50782925
10.47180967
10.50030633
10.44625758
10.48035367
10.43785200
10.45067117
10.40588283
10.44120658
10.42226167
10.43762667
10.40970433
10.45515292
10.43715950
10.44432467
10.41866075
10.44715592
10.41057883
10.44465633
10.41388000
10.44662375
10.42350417
10.44665825
10.45164033
10.46973450
10.49362967
10.49625317
10.49702317
10.47850267
10.45236908
10.47324542
10.46831142
10.46306225
10.46254500
10.47222508
10.48541592
10.49436783
10.47229658
10.49116300
10.49217183
10.47928242
10.46630675
10.49320642
10.45122225
10.48466225
10.45683767
10.48499142
10.48026142
10.49268850
10.49019725
10.51779458
10.48352642
10.50189608
10.46382875
10.47774817
10.48520683
10.49715083
10.46888575
10.48406667
10.46724933
10.45663008
10.42734933
10.44170417
10.44814175
10.48015208
10.46262475
10.47365400
10.45616008
10.45587842
10.41458733
10.44684258
10.42380158
10.43986875
10.42035900
10.46871308
10.43149933
10.46113192
10.44170150
10.43271242
10.43624292
10.43607400
10.41815142
10.42876425
10.41978975
10.43469075
10.45999742
10.44899417
10.43920508
10.45484967
10.47497858
10.49763083
10.45190142
10.46454900
10.43199825
10.44590658
10.42652533
10.44167042
10.43759517
10.48351350
10.43909850
10.47265150
10.47799075
10.49047025
10.45114475
10.47750842
10.43060300
10.49251892
10.47157217
10.48913125
10.47190167
10.48011508
10.47368992
10.49523375
10.46917500
10.49437233
10.50426350
10.50345458
10.46588925
10.46689908
10.45489008
10.45455633
10.47228925
10.46015058
10.45611408
10.43508858
10.44823633
10.45072175
10.46493417
10.47153525
10.45595717
10.46699825
10.45889292
10.44769817
10.43349967
10.44839650
10.42977158
10.43865475
10.42295258
10.43645975
10.43441883
10.43634067
10.44367358
10.44186825
10.43712108
10.44787242
10.41398225
10.43717383
10.42671375
10.44086342
10.39874833
10.43874650
10.42153092
10.43313950
10.48040350
10.49407708
10.43807817
10.43844192
10.42886175
10.44147675
10.43686392
10.44279950
10.43503233
10.48592500
10.44243008
10.49056225
10.45756525
10.51638142
10.46153183
10.48447525
10.48260658
10.49762942
10.46480133
10.49689325
10.46111117
10.48571117
10.51194792
10.54822500
10.47237583
10.48114008
10.50199392
10.51191275
10.46043275
10.45591042
10.44221383
10.48554650
10.47994858
10.49551550
10.45093783
10.46866292
10.45165408
10.44982700
10.44623292
10.48951392
10.46072917
10.46943158
10.44209417
10.45389750
10.44920867
10.44016808
10.44466733
10.45648108
10.41395392
10.44707958
10.40263375
10.45796350
10.41254267
10.44045600
10.42169608
10.42835308
10.42431258
10.43562550
10.41246317
10.42834025
10.42735267
10.42396917
10.42398533
10.45017583
10.49208267
10.48694283
10.42899783
10.46463708
10.42958092
10.45546592
10.42264800
10.46152333
10.46126692
10.50948242
10.49977558
10.54758917
10.51678300
10.52702075
10.52654467
10.51468242
10.50498800
10.52438358
10.50495917
10.52328500
10.51190658
10.52374667
10.51103700
10.49686475
10.52997442
10.49470100
10.48564900
10.49205967
10.47788375
10.48077358
10.43376775
10.43637475
10.45164033
10.44995892
10.44343767
10.44210408
10.41444400
10.45672858
10.42267125
10.46924633
10.44364150
10.46129917
10.46436000
10.47472908
10.46433750
10.45307942
10.43956100
10.45767367
10.42226475
10.43116108
10.41291142
10.45888508
10.43327475
10.46704792
10.42084892
10.43757375
10.44194983
10.44466758
10.43083042
10.41240283
10.39545150
10.43155725
10.42849542
10.46722992
10.47189242
10.50376075
10.45461900
10.47183625
10.44846492
10.44656700
10.43929025
10.45283775
10.43875150
