13.36910146
11.99226677
11.88608777
11.88436477
11.83082408
11.82964369
11.89759846
11.89228500
11.90264969
11.87271831
11.90398385
11.96328677
11.93685715
11.97768746
11.99159838
11.95525023
11.95114069
11.97201746
11.93532546
11.97257862
11.97497685
11.94705146
11.94970931
11.98013646
11.94006631
11.99977038
11.99764723
11.93204223
11.94303331
11.93930992
11.98463015
11.89928508
11.97233800
11.99236292
11.87997669
11.86604769
11.88054038
11.87132638
11.85279938
11.90760723
11.90548385
11.89443046
11.90602231
11.90839085
11.88802469
11.93925838
11.93963546
11.97594654
11.97297423
11.93342408
11.92584523
12.01971646
11.97797515
11.95567631
11.96887031
11.98057462
12.00242238
12.00633108
11.98336554
11.94586654
11.92462977
11.92347308
11.88632469
11.91823292
11.91769185
11.89100415
11.88978300
11.91243077
11.86721262
11.84936046
11.86790162
11.88265515
11.87811008
11.89216031
11.91734623
11.93718331
11.92018346
11.96112031
11.96583315
11.93095577
11.91007477
11.93220408
11.91025108
11.97290669
11.91806431
11.93590900
11.94344992
11.94251400
11.95890392
11.98871377
11.95429338
11.91860931
11.93727285
11.92008231
11.88381977
11.87526485
11.88390169
11.84433423
11.87575108
11.87537015
11.83278415
11.87958623
11.84981338
11.88925669
11.90678085
11.87553246
11.90626785
11.91519231
11.92581146
11.94320238
11.97438877
11.94391323
11.94030900
11.93565185
11.96112454
11.95065992
11.95122962
11.96857992
11.97528515
11.97610762
11.96814915
11.99326015
11.97784369
11.90157385
11.92104908
11.91632669
11.87027654
11.90176531
11.86592723
11.86418154
11.84298608
11.84941177
11.85961638
11.86716631
11.86420677
11.87484815
11.91107615
11.89774146
11.92075200
11.91758669
11.90005146
11.93496831
11.98678092
11.93517492
11.92597369
11.93530454
11.93807915
11.95714838
11.96301485
11.93308238
11.91437838
11.95720677
11.93591469
11.97520915
11.94792369
11.88543185
11.91565246
11.91062623
11.87000562
11.88573731
11.85129708
11.85538800
11.83421885
11.84083231
11.84299508
11.83876746
11.85401577
11.87778346
11.90686162
11.87499869
11.89325254
11.91556923
11.93793354
11.92140508
11.96477000
11.95317554
11.92791792
11.93219554
11.92458708
11.97185831
11.97711408
11.92659231
11.96764092
11.95980515
11.96854385
11.94997254
11.93960438
11.91319262
11.90805123
11.89530485
11.86747777
11.87205500
11.87379131
11.83969215
11.80975485
11.83776377
11.79226785
11.86534923
11.87739946
11.86062585
11.89822285
11.87753338
11.88829408
11.92746646
11.92489938
11.96638200
11.98048369
11.93563162
11.91258523
11.90896662
11.91135231
11.97657915
11.96445700
11.92831646
11.97977769
11.94714946
11.94896254
11.93024877
11.93816777
11.90291523
11.89711246
11.89665662
11.86829308
11.88149723
11.85192946
11.84895185
11.84855677
11.85215715
11.83596508
11.85753815
11.86489854
11.89008685
11.88690354
11.89083223
11.91670285
11.95378823
11.94169985
11.96721838
11.97750062
12.01010254
11.96851315
11.97714285
11.94296985
11.97386969
11.97562023
11.94876423
11.97422831
11.96997492
11.98779346
12.03213754
11.96477362
11.94648215
11.94384131
11.89709085
11.85825085
11.90879308
11.90498454
11.91899292
11.86696808
11.88450285
11.85593500
11.89562300
11.87911792
11.92540569
11.91229223
11.94219677
11.89821885
11.88967385
11.93033831
11.95753415
11.96645023
11.94263123
11.95507008
11.93306046
11.92394292
11.98373315
11.96322223
11.94901446
11.96397554
11.97187808
11.95992369
11.98986538
11.99733246
11.93858146
11.92140123
11.92824946
11.87764569
11.91083092
11.87841315
11.85398962
11.85344238
11.87843900
11.86490823
11.89321492
11.88972631
11.90714823
11.92184085
11.93036908
11.92707308
11.94718923
11.92718654
11.97953592
11.96999192
11.94017500
11.94337938
11.95624962
11.98322946
11.97261838
11.97920754
11.93885485
11.95437062
11.99771715
11.98514338
12.01561092
11.99172192
11.95011492
11.94607038
11.93700192
11.89143600
11.90145846
11.89879969
11.85696592
11.86357200
11.84943438
11.84019538
11.86803154
11.86941308
11.90721677
11.88894623
11.91588408
11.89843862
11.90671985
11.91370569
11.96723223
11.98882985
11.94386123
11.93080608
11.94330577
11.93403569
11.95169885
11.94361585
11.91419162
11.95879969
11.95394562
11.94377885
11.99626246
11.94284985
11.89398108
11.89778400
11.91760538
11.85724208
11.87725000
11.88032077
11.85081777
11.84755908
11.85887431
11.85143708
11.87481985
11.84833023
11.86809238
11.88087015
11.87440838
11.89340169
11.91933338
11.91936608
11.95647246
11.97573862
11.94506623
11.94184469
11.94041969
11.91702046
11.94811069
11.97013423
11.93598315
11.95300777
11.98864477
11.95881462
12.00747777
11.96406115
11.93669454
11.90874100
11.91068746
11.88953562
11.87979808
11.85890069
11.87365946
11.86894477
11.86793346
11.84365208
11.87554231
11.87439815
11.90588646
11.90217908
11.88087415
11.90022938
11.92304508
11.90119692
11.97948462
11.94775800
11.93423792
11.93146592
11.92821415
11.92994500
11.96027277
11.92485246
11.90166331
11.94066177
11.94836431
11.92285723
11.94631623
11.95737246
11.91957246
11.93223808
11.91892954
11.90793754
11.89392969
11.92817885
11.84687485
11.84465392
11.82571731
11.85715269
11.87809515
11.85288846
11.88059969
11.87308692
11.89224062
11.89541569
11.93078900
11.90156992
11.94229800
11.99142700
11.95870246
11.91039669
11.91469738
11.90976823
11.95812246
11.95013746
11.91008446
11.93858246
11.94149646
11.97578908
11.96827738
11.95134938
11.89749669
11.91363354
11.92669815
11.85931254
11.87175785
11.87246085
11.84469438
11.88768985
11.83974192
12.03377215
11.93486554
11.87309169
11.87706208
11.85487346
11.91146585
11.91858908
11.88992785
11.88133877
11.94332777
11.96472062
11.93924646
11.91001123
11.92429638
11.91819608
11.96368215
11.97088862
11.94102554
11.95554623
11.96090569
11.95628115
12.00299823
12.00236992
11.99771954
12.00402108
11.93045308
11.92968869
11.96268377
11.95847408
11.89346615
11.88421854
11.90001823
11.87394792
11.90386438
11.91684169
11.91274223
11.87607162
11.88456492
11.93709769
11.93319877
11.96133354
12.00390723
12.00098985
11.98199454
11.96111077
11.99050185
11.96659177
11.98327454
11.97337677
11.94226177
11.98036862
11.95939877
11.97224885
12.04219385
11.99899385
11.92782731
11.93544785
11.94267531
11.87638092
11.90412000
11.88786608
11.90063146
11.88703169
11.87816269
11.86609938
11.88995031
11.87390362
11.90098169
11.90280315
11.90309892
11.89600708
11.91910600
11.89955092
11.92926669
11.97144515
11.95329046
11.96519169
11.94095054
11.95006523
11.96333608
11.97382254
11.95770300
12.00450208
12.00220069
12.00729923
11.99018177
12.00732808
11.96862246
11.97965723
11.94316408
11.91088423
11.90592946
11.90067885
11.89564315
11.89548946
11.89193269
11.91681015
11.90097431
11.91660408
11.92392500
11.94179077
11.89093285
11.91607200
11.97177054
11.95107285
11.98816631
11.99671915
11.97919546
12.00051377
11.99404423
11.97930723
12.01130285
12.02240177
11.98051015
12.01137977
12.01416085
12.02024000
12.01275246
12.00014100
11.95972485
11.94308208
11.96267931
11.89954585
11.91287338
11.91153585
11.89458123
11.89722146
11.88968154
11.88609415
11.89912638
11.88752054
11.91612546
11.87834638
11.87796785
11.89373046
11.95633000
11.99032669
11.98655723
12.00908115
12.00249108
11.98422331
11.96467638
11.98632792
11.99806292
11.98500508
11.93224446
11.98239200
11.96792377
11.99581685
12.02395369
11.98954154
11.96643723
11.97555546
11.92581331
11.90595269
11.92486085
11.92560054
11.90915715
11.89387315
11.89061338
11.88497815
11.84910277
11.85024792
11.87799338
11.88444692
11.92463208
11.92708115
11.94212362
11.91625215
11.96511231
11.96908454
11.93975008
11.96420854
11.95686838
11.93506692
11.96637192
11.94526600
11.93916162
12.01284269
11.98830515
12.00512977
12.02337723
12.00358062
11.95404000
11.95693877
11.94491585
11.92209715
11.88822585
11.85712346
11.88143846
11.87959623
11.82382592
11.84877300
11.86037008
11.84429008
11.89213562
11.91904800
11.92412515
11.94162369
11.97726908
11.93386838
11.96988462
12.01600946
11.92569969
11.98113892
11.96965492
11.96754269
11.98488023
11.97298000
11.97931477
12.02176615
12.02419300
12.01419215
12.01481915
12.00905408
11.96453415
12.01912908
11.98882685
11.93413069
11.94213262
11.92129823
11.90618046
11.88076754
11.89433685
11.87313646
11.89820685
11.87795100
11.88347792
11.89244192
11.89870908
11.89594185
11.92155300
11.93921338
11.94571477
11.95442277
11.98574377
11.95995392
11.91587169
11.89668454
11.98999031
11.98576331
11.96276808
11.97516223
12.01371392
11.99548462
12.00776208
11.95599762
11.93243354
11.94176892
11.94039769
11.89309215
11.92266031
11.89913685
11.86321015
11.84813385
11.85315108
11.85954700
11.89632769
11.86080992
11.88671108
11.88482115
11.87213377
11.90243169
11.91772008
11.91820192
11.93584777
11.96855500
11.92508192
11.96267962
11.92614569
11.92303469
11.98586046
11.97630446
11.92777069
11.94528592
11.94383008
11.95820362
11.96346238
11.96385892
11.96256285
11.96423569
11.91958354
11.86767385
11.89458531
11.88668877
11.88353415
11.88367185
11.85549292
11.84943715
11.86208138
11.87623877
11.90665285
11.87332592
11.88338192
11.90486238
11.91915200
11.91231131
11.95363323
11.98469792
11.94936662
11.92372077
11.93212315
11.94822331
11.99343723
11.95136915
11.91331985
11.93683223
11.95650831
11.99578769
11.96853954
11.94834769
11.92376915
11.92620923
11.90999523
11.86229892
11.88817785
11.87386077
11.87797215
11.87358100
11.86032615
11.85501208
11.90649985
11.91748992
11.91953285
11.91558769
11.92054746
11.96250031
11.96147754
11.93959923
11.99501477
11.98774308
11.94116262
11.95512962
11.97325715
11.93948354
11.99289869
11.98163369
11.97432038
11.95455477
11.97189854
11.97857608
11.97826385
11.96845092
11.95482008
11.91542385
11.94882915
11.90237954
11.91657331
11.93367538
11.87545454
11.87465877
11.88741454
11.85203577
11.89656685
11.89717477
11.91063062
11.92186100
11.94107415
11.96225831
11.98776285
11.98187485
12.02335531
12.00417454
12.02527700
11.99880608
12.01216292
11.96930469
11.99124808
12.01335938
11.98555854
11.99278654
12.03754331
12.04778123
12.02952723
11.98454846
11.93212892
12.00255592
11.94471377
11.92018531
11.95528177
11.91647200
11.86517354
11.91343238
11.88293669
11.86488562
11.87178438
11.87759362
11.86940969
11.91888438
11.92130262
11.89211385
11.92324815
11.91427931
11.95274169
11.95940162
11.96968277
11.93227638
11.94949685
11.93340831
11.97345569
11.94352923
11.90531754
11.93907238
11.94371638
11.94963185
11.98281454
11.94570085
11.90135108
11.92003585
11.89868338
11.87621315
11.89728377
11.84635177
11.85743500
11.87300769
11.84904954
11.84456392
11.87238515
11.95187969
11.99585769
11.98882723
11.91187131
11.94407485
11.95925246
11.94479554
12.00248585
12.00276892
11.96653723
11.97335431
11.99893262
11.99089577
12.15695054
11.99325962
11.95489515
11.99715785
12.00596923
12.00520854
11.98989931
11.97941254
11.92720208
11.90544938
11.93583192
11.86958062
11.89373885
11.87533638
11.87459685
11.88256200
11.90392315
11.86877700
11.88375108
11.89006046
11.89372138
11.87974515
11.89742454
11.90580931
11.92800362
11.88786785
11.94886085
11.98646723
11.92980523
11.93093954
11.94290500
11.93280992
11.91652531
11.97050569
11.92395477
11.95728338
11.93516262
11.95849500
11.96703331
11.96246192
11.89091308
11.94295838
11.91214277
11.89357815
11.89209338
11.88811946
11.86518154
11.87692685
11.85177831
11.83202862
11.86954246
11.84965092
11.90683108
11.88179462
11.88371731
11.93454885
11.88127046
11.87772992
11.96477554
11.97837262
11.95173038
11.95987815
11.91288515
11.93293038
11.97571254
11.94678315
11.97362462
11.93637492
12.00886131
12.01429669
12.02152238
11.97652808
11.97616185
11.98106738
11.92729477
11.88376562
11.89207292
11.92006569
11.88435115
11.87850177
11.90201738
11.89884892
11.90177008
11.89806569
11.91753808
11.94071400
11.93601638
11.92901569
11.96071846
11.93054254
11.99929538
11.99700292
11.96070338
11.97346962
11.99110292
11.98635900
12.02465762
12.00975969
11.98719369
12.01123946
11.97398462
11.95426646
11.96026723
11.95230223
11.91920985
11.92499508
11.91324100
11.85397400
11.91382646
11.86946023
11.83877646
11.86585931
11.86366423
11.86488508
11.89147869
11.86234231
11.88374754
