14.13894864
12.43916557
12.31108293
12.30277236
12.33189079
12.29196971
12.28192329
12.28756479
12.28097779
12.32318229
12.30097829
12.29866764
12.27319471
12.30854371
12.29848936
12.31533336
12.31972029
12.32763929
12.28303450
12.31345079
12.29147421
12.29916800
12.29706607
12.28773400
12.30197007
12.35867821
12.29416521
12.30462107
12.33353721
12.32135600
12.30896550
12.30764957
12.27396893
12.28895343
12.27019436
12.27846221
12.26522264
12.30460900
12.26152164
12.27891564
12.25542829
12.27482786
12.27021571
12.30881943
12.25553921
12.29992221
12.33418507
12.32364550
12.30382036
12.34848957
12.29386829
12.35782086
12.30590671
12.32121171
12.30923214
12.32365871
12.29686393
12.31163236
12.29033886
12.30551979
12.28903964
12.31613714
12.26506036
12.30177900
12.24959500
12.29167650
12.26303436
12.29540236
12.26180043
12.27114521
12.22566479
12.27818993
12.27316257
12.27569757
12.23771393
12.27321293
12.24004143
12.31618029
12.26769093
12.30391300
12.28992271
12.33163471
12.31232957
12.31923100
12.29189529
12.32599786
12.29954371
12.30512479
12.29293150
12.31490357
12.29249414
12.32721779
12.31919429
12.33189736
12.27602529
12.34095164
12.30076414
12.32079221
12.28847800
12.30141921
12.28763914
12.30795764
12.25900043
12.29928929
12.27209279
12.28770414
12.27166407
12.29197800
12.27356664
12.31403093
12.28773529
12.30436957
12.29659007
12.34394864
12.33202879
12.37618593
12.33317814
12.35551743
12.31983400
12.34015557
12.31847771
12.32023443
12.30347971
12.31080121
12.28998207
12.31797936
12.28853257
12.32197271
12.25933929
12.30866421
12.27023721
12.28273564
12.27390700
12.28507121
12.27014286
12.28130057
12.26652857
12.27849079
12.24864979
12.29355679
12.28237457
12.30438000
12.27939186
12.30538129
12.28324493
12.34566643
12.29210586
12.33208693
12.31287950
12.35352786
12.31415129
12.31864479
12.31386907
12.32264043
12.29110257
12.30283443
12.29850050
12.35100336
12.30014450
12.31159957
12.27378679
12.30258893
12.27662643
12.25950971
12.26398329
12.30427593
12.26210536
12.28714129
12.29000593
12.30390529
12.29196086
12.32029036
12.28017343
12.33498357
12.29404371
12.33910314
12.32835807
12.33842493
12.30981436
12.36304871
12.31950507
12.34164593
12.31052600
12.33364000
12.29478821
12.31252121
12.28981036
12.27972764
12.26008821
12.28788693
12.24132014
12.28872957
12.24211986
12.27558893
12.27579493
12.27823229
12.25848479
12.30999614
12.22582979
12.29838564
12.25897450
12.30269864
12.24261321
12.26143736
12.25976900
12.28444321
12.26029764
12.29735793
12.28728486
12.29102500
12.26803621
12.29242000
12.27893593
12.35175764
12.30236671
12.31737914
12.28435471
12.34013493
12.27679757
12.30206421
12.31885657
12.31197664
12.27700943
12.32528343
12.29375614
12.30204714
12.29179900
12.28925136
12.34002121
12.34706207
12.36392721
12.32313750
12.43121786
12.38625643
12.35418100
12.35461100
12.27375814
12.32592143
12.29240543
12.31285221
12.33334029
12.33782364
12.29030936
12.34260786
12.32047443
12.35355164
12.31752100
12.32597164
12.31530893
12.33945957
12.28787979
12.31161200
12.35919400
12.33773586
12.29552343
12.31025736
12.27565900
12.29006357
12.26008014
12.30191271
12.26877493
12.31540979
12.26435593
12.28515457
12.26921371
12.27319400
12.25129443
12.25676829
12.25331314
12.28968121
12.31057464
12.30821064
12.30055921
12.35232407
12.29824429
12.33208171
12.30107157
12.34201129
12.31200457
12.33153329
12.32049386
12.33911979
12.32718471
12.33298057
12.32094729
12.33624879
12.31943771
12.34368114
12.30300550
12.34249114
12.28700200
12.30273271
12.27684257
12.33307350
12.30757757
12.32838450
12.30985429
12.32573279
12.30826193
12.33462343
12.32845079
12.37327850
12.32688886
12.37887593
12.33639564
12.37704843
12.32778536
12.36996643
12.34654293
12.40234136
12.37644057
12.35630764
12.32288636
12.36106836
12.32023486
12.32171550
12.31828150
12.32409050
12.30265636
12.31114914
12.28869186
12.29999221
12.29194071
12.29975557
12.30963457
12.32399571
12.28149007
12.28492921
12.28418150
12.29793229
12.28069957
12.29285114
12.26250671
12.30050600
12.30834179
12.30911486
12.32869186
12.33630300
12.30385579
12.35691257
12.31816329
12.30942164
12.30676871
12.31318186
12.28497843
12.32293243
12.28472336
12.28764064
12.28731514
12.30495036
12.27400357
12.29709250
12.25360786
12.30435729
12.25484114
12.26409886
12.26121014
12.28750300
12.27850407
12.27034871
12.28459593
12.28698971
12.26793371
12.31507229
12.27898407
12.31447714
12.30520664
12.30497114
12.30272536
12.31730936
12.30290364
12.32660779
12.34558686
12.36689457
12.31469514
12.30446257
12.29586000
12.31761407
12.27540414
12.29868436
12.28574071
12.31083743
12.28237514
12.32217736
12.26845886
12.30353729
12.27607014
12.28497929
12.26772264
12.29436650
12.24903393
12.28779286
12.30016950
12.30308236
12.28791586
12.28211214
12.26135821
12.32584779
12.32345686
12.31087936
12.31809521
12.32037300
12.29365643
12.34646350
12.31716079
12.29825164
12.30500493
12.31211336
12.30268607
12.34300171
12.31227321
12.30603857
12.33431500
12.30346529
12.28636850
12.31984121
12.26851986
12.29595936
12.26528443
12.29507286
12.28232050
12.28873621
12.28650764
12.30712729
12.26396450
12.30623364
12.28121393
12.30509543
12.29392314
12.32382086
12.30020529
12.31758879
12.33162586
12.33436221
12.29722071
12.32846843
12.30043671
12.32630200
12.28987357
12.34670421
12.28843593
12.30042593
12.25853693
12.27772207
12.29827271
12.31993329
12.27556579
12.28085479
12.25298164
12.28752750
12.26252414
12.31796936
12.27237871
12.27542843
12.23588143
12.27857471
12.27414800
12.28665493
12.25438143
12.23335729
12.23400021
12.28921593
12.25424529
12.28886386
12.26425443
12.29659429
12.29288043
12.32076307
12.29665343
12.31142236
12.30718079
12.29941214
12.28626193
12.28686907
12.28553371
12.29429807
12.28377086
12.32878529
12.26929150
12.30713914
12.30442071
12.29892229
12.24424793
12.26988929
12.27166529
12.27564171
12.26573836
12.28899057
12.26647750
12.28544229
12.26808900
12.31090550
12.25389764
12.31704457
12.28203907
12.33306293
12.31611393
12.36490479
12.29561450
12.35553771
12.31588743
12.35039207
12.33175443
12.32273786
12.30181586
12.29958057
12.23983036
12.28297479
12.29458829
12.31172143
12.26925786
12.31730664
12.25970086
12.29234343
12.30160364
12.28076200
12.24606993
12.28201407
12.25528664
12.27778343
12.25342100
12.28420643
12.26806057
12.25765321
12.25325693
12.28645886
12.25495893
12.29707771
12.28595086
12.33688064
12.27006357
12.30636029
12.26301050
12.32362221
12.26878550
12.29596893
12.29803736
12.31201393
12.26665071
12.28812007
12.28110179
12.31819621
12.26594700
12.28498600
12.27510750
12.29557771
12.26186571
12.26445271
12.25761014
12.29775214
12.26241307
12.29997407
12.27923386
12.30345000
12.32540557
12.44864029
12.28713343
12.30412979
12.27299714
12.29702236
12.28851764
12.32771486
12.30653386
12.34611579
12.29927621
12.32464850
12.32914014
12.32131579
12.29909107
12.31532821
12.27374621
12.28650007
12.30175514
12.30746757
12.27477329
12.28544964
12.25386829
12.28821393
12.25296443
12.30523379
12.25658643
12.29270121
12.25948014
12.28117536
12.25633200
12.31005571
12.24276914
12.27776714
12.24671100
12.28741464
12.28710321
12.28950086
12.28626821
12.29607157
12.28323007
12.31592150
12.27813421
12.28940014
12.30700779
12.31717057
12.30212400
12.32167293
12.28210929
12.28901150
12.29530650
12.34702100
12.27254621
12.30793264
12.26001129
12.28972700
12.25835971
12.27392064
12.25554393
12.29340229
12.27657643
12.31305071
12.28778457
12.32059836
12.27592343
12.33675514
12.27763543
12.32198593
12.27768443
12.33024143
12.32389429
12.34474200
12.33697700
12.34260764
12.31155793
12.33425671
12.32318464
12.35907779
12.31341471
12.34325829
12.28881129
12.31135493
12.31028414
12.32602657
12.28669679
12.45776700
12.34639614
12.33072821
12.26388057
12.28224850
12.29539321
12.29004521
12.24751686
12.25372543
12.27085057
12.27431879
12.26506800
12.28023386
12.24926614
12.29469000
12.28056893
12.29478986
12.30099107
12.29774207
12.26319886
12.31924300
12.28149964
12.29456629
12.32846021
12.30597514
12.30904707
12.29655064
12.28307814
12.31996393
12.28532707
12.31625421
12.34624600
12.31303400
12.30881350
12.30187479
12.27836336
12.28119664
12.26545500
12.30415864
12.26215271
12.29207250
12.26969136
12.31473057
12.26441193
12.28121593
12.27288507
12.32178843
12.29462271
12.35074093
12.29808686
12.33327857
12.29357243
12.34190650
12.31744079
12.35459686
12.32136400
12.33326364
12.29616664
12.31783486
12.29576057
12.31172107
12.29811364
12.33137600
12.29726921
12.32349486
12.25027407
12.31191421
12.27413329
12.31909686
12.26408171
12.29241650
12.24626100
12.28898836
12.27920757
12.27746221
12.26570164
12.27340807
12.26475150
12.33182400
12.29372500
12.33799879
12.32279871
12.34419064
12.33266050
12.38276179
12.31722671
12.32684914
12.33005686
12.35396529
12.33458386
12.37384807
12.33049671
12.32834893
12.36445221
12.37066307
12.33199350
12.34944486
12.31823764
12.36664750
12.31477136
12.33118243
12.30737107
12.35028229
12.30931736
12.34036793
12.33415564
12.34142229
12.33196400
12.40511521
12.32932386
12.35126600
12.31155957
12.34580636
12.32926143
12.37385593
12.32699764
12.37147600
12.35092821
12.35165629
12.36045943
12.35962857
12.30146100
12.35157636
12.30424786
12.34220529
12.31440071
12.34200743
12.30365100
12.36443793
12.30037650
12.33141357
12.30880050
12.34672643
12.30079814
12.31615429
12.28767179
12.28833836
12.31165371
12.31405121
12.26770743
12.29017800
12.26352479
12.30404286
12.28399100
12.32829614
12.28709336
12.31253743
12.26803571
12.32092936
12.31651393
12.30243193
12.32629364
12.30342007
12.29984750
12.31819464
12.29091393
12.29721257
12.31104714
12.32387464
12.28130043
12.31083093
12.30268021
12.30761950
12.28352886
12.28949164
12.26999300
12.30256521
12.28670350
12.29882336
12.28652150
12.29436793
12.31094314
12.28732614
12.27439779
12.31562843
12.28063614
12.32100186
12.27316279
12.32747757
12.27897200
12.32115064
12.29124893
12.32676379
12.33897257
12.32567900
12.27219157
12.31171257
12.27699907
12.28878536
12.28738971
12.33389850
12.30046736
12.31085286
12.25751786
12.29983207
12.26554729
12.28460821
12.28086379
12.29786471
12.26874836
12.28374286
12.28883679
12.31178379
12.28975879
12.27849671
12.24460014
12.27888914
12.26700143
12.30182364
12.27038336
12.32544700
12.30480164
12.33620507
12.30232807
12.29267314
12.29102907
12.32364450
12.29284229
12.32182621
12.29001179
12.32764093
12.33084614
12.31121550
12.28208743
12.31299107
12.27350943
12.30744686
12.27761986
12.28138764
12.29019886
12.28805450
12.26329400
12.30639543
12.26700814
12.33206836
12.28038357
12.33336743
12.26752000
12.31454214
12.28637636
12.33356614
12.29646507
12.32520221
12.28775171
12.32751579
12.34015393
12.33902807
12.31584079
12.34097429
12.28383279
12.29070986
12.27465921
12.28538329
12.27400864
12.31048021
12.26420671
12.32748986
12.25271221
12.29230857
12.25989679
12.28880871
12.26013971
12.28643800
12.26160093
12.28583307
12.27126421
12.28857243
12.25143671
12.26280493
12.26583579
12.30701329
12.27749600
12.31588900
12.25565421
12.31970564
12.28308350
12.31471943
12.27614129
12.30619679
12.30342071
12.30453000
12.34934707
12.32770700
12.27029036
12.30215214
12.28973086
12.30806964
12.27936486
12.31026036
12.28613243
12.29341779
12.25911436
12.30540850
12.26540750
12.28028264
12.26960343
12.32912636
12.29920264
12.32420600
12.31148200
12.32483043
12.29607443
12.30594821
12.28428343
12.33012779
12.28860121
12.34322514
12.31563207
12.34208229
12.32414879
12.33019021
12.31411443
12.33788636
12.28179243
12.32907786
12.28373971
12.30340579
12.28825536
12.32537279
12.26424886
12.30260964
12.25250300
12.29459386
12.24891721
12.26959471
12.26922271
12.27360057
12.23247829
12.26702350
12.26355043
12.28117907
12.27764607
12.25964543
12.24098186
12.32280829
12.28916093
12.33714443
12.27663243
12.31494100
12.29330621
12.33565229
12.28312243
12.32104929
12.28677657
12.30308021
12.30688400
12.33113657
12.30581193
12.28446000
12.28635500
12.32033464
12.28670286
12.29585329
12.29615521
12.29071686
12.26171279
12.29459143
12.27825757
12.32932979
12.26727721
12.29136100
