16.61295207
13.84858113
13.79224340
13.75743473
13.74053987
13.76922800
13.71851680
13.73874480
13.71774200
13.73385960
13.82790287
13.75129113
13.74807873
13.80959253
13.74894687
13.80212467
13.76897320
13.75786960
13.77545147
13.77879327
13.82957840
13.77728220
13.76017187
13.86491273
13.79483313
13.79032193
13.80941600
13.84195900
13.80250140
13.87610147
13.82517460
13.78180487
13.85567447
13.75649893
13.76101780
13.74893753
13.75128147
13.73545420
13.70290913
13.72609160
13.71949827
13.76908287
13.76711113
13.73120753
13.75790993
13.75762887
13.78056233
13.82544860
13.76468080
13.77670140
13.76743060
13.76911500
13.80278880
13.80910540
13.76655727
13.80194307
13.77249753
13.74758247
13.76369713
13.82694020
13.80355633
13.83477620
13.80983673
13.76054873
13.74717733
13.75645627
13.72837467
13.73943793
13.74538980
13.77461000
13.70246933
13.73053920
13.72369680
13.74418213
13.74986367
13.75060013
13.76341413
13.75288647
13.81484207
13.74077960
13.75183820
13.76025327
13.78617700
13.83851153
13.79321780
13.76123693
13.77067227
13.77512787
13.76336760
13.76039953
13.79969660
13.81782933
13.80329767
13.82890073
13.78754840
13.78611560
13.74926033
13.81061780
13.75298067
13.70665080
13.74201760
13.76474767
13.74062100
13.75347840
13.74082140
13.75115107
13.72813480
13.74770687
13.74886253
13.74942020
13.76378487
13.81450400
13.73164153
13.80880353
13.78617040
13.80823493
13.79895780
13.76972913
13.76335807
13.79534720
13.81235860
13.78612693
13.82258787
13.82407380
13.80622440
13.79639433
13.80789493
13.77424040
13.77116693
13.72860413
13.74659820
13.73504800
13.71298007
13.73258120
13.73159433
13.76278380
13.74185833
13.73274773
13.74989853
13.77165120
13.75674253
13.75236833
13.76815520
13.76235320
13.77554053
13.76111207
13.78320087
13.78439433
13.75805200
13.72660027
13.74766080
13.75237673
13.76305840
13.78538253
13.80457627
13.80718427
13.80378893
13.82598927
13.78961560
13.76516873
13.73856800
13.75542840
13.73532580
13.70919120
13.71690580
13.76679067
13.75150800
13.74592653
13.74054947
13.75422220
13.74591153
13.78774800
13.71755367
13.76541220
13.75105320
13.76534140
13.77439587
13.78234047
13.75878593
13.78964933
13.79333400
13.80600893
13.77592407
13.77111747
13.78730313
13.76805140
13.77479360
13.80507880
13.82165033
13.80638207
13.80691040
13.79140267
13.80368347
13.78213013
13.75660827
13.78496387
13.76252213
13.73323153
13.73670060
13.71761840
13.74414247
13.75676960
13.77115073
13.78323180
13.76509320
13.78027567
13.74961973
13.79319267
13.77718060
13.78214667
13.78519473
13.80682440
13.77243847
13.75053527
13.75238667
13.79559713
13.81525140
13.78390707
13.81143600
13.81134580
13.80399873
13.82647607
13.80681760
13.79037187
13.76634833
13.74357093
13.76364540
13.72648087
13.74415833
13.73557153
13.70498060
13.71974000
13.71348707
13.71936707
13.73936253
13.77432553
13.75339320
13.78932527
13.73000727
13.78264820
13.73609413
13.77372813
13.77564900
13.79472433
13.76672353
13.75586907
13.77847120
13.81585147
13.77864693
13.81240787
13.79830527
13.82646400
13.78906773
13.81235367
13.81520960
13.79435560
13.78579620
13.75450607
13.75949480
13.74220267
13.72249833
13.78296660
13.71706567
13.75252540
13.76510347
13.74901153
13.78833933
13.78900953
13.74472700
13.79089907
13.74929880
13.74330260
13.75768913
13.77309787
13.83945127
13.78517547
13.78303073
13.77532873
13.77776533
13.79028113
13.77897767
13.80373527
13.81415447
13.84002013
13.82407500
13.84792213
13.83838460
13.80728453
13.80125327
13.79139193
13.79650667
13.75081193
13.77480393
13.74975433
13.74837160
13.75834120
13.74132073
13.73371313
13.74562247
13.77837380
13.72580960
13.77332407
13.74484407
13.75309273
13.75605507
13.75162167
13.79543333
13.79301780
13.81122613
13.76175173
13.77569667
13.83506867
13.77558067
13.80332673
13.78588647
13.85517173
13.81281920
13.81789633
13.80386373
13.77235160
13.78926347
13.74383900
13.74466240
13.77136340
13.75210560
13.76226160
13.75542080
13.73409147
13.72175727
13.87575367
13.77906913
13.76193867
13.74628420
13.79878240
13.77392567
13.79235887
13.80781673
13.83354873
13.80551907
13.83193380
13.81536093
13.83261147
13.77150280
13.84417207
13.80066047
13.81659040
13.82830907
13.87278320
13.82185280
13.86960907
13.84084447
13.76344933
13.78829380
13.74478407
13.77179780
13.76744427
13.74518273
13.80032280
16.80864800
13.85616740
13.74539713
13.79073260
13.75535440
13.78449920
13.79960033
13.83708867
13.82557953
13.76651927
13.81843020
13.84247193
13.83642480
13.80434220
13.82132987
13.81323253
13.82542787
13.90494887
13.85776987
13.83939253
13.85345620
13.87379547
13.86654153
13.88184580
13.82164560
13.78904187
13.78933853
13.79402260
13.73857800
13.76945020
13.77737527
13.81864460
13.80125540
13.76720640
13.73281273
13.73597193
13.73944313
13.73630800
13.76362673
13.78413487
13.78532467
13.73710827
13.73192113
13.77877273
13.80379160
14.06666413
13.76792387
13.75681073
13.79248973
13.80759020
13.81033600
13.77554473
13.81280267
13.79886333
13.78181067
13.82816067
13.81934360
13.78330840
13.75605347
13.76991967
13.77043327
13.76679053
13.78801953
13.76709127
13.75343307
13.76342933
13.75880873
13.78132033
13.80391280
13.78221833
13.75157787
13.78401127
13.82058787
13.81912233
13.80013020
13.79533407
13.80860147
13.82801560
13.81215947
13.77643533
13.76658093
13.82523207
13.78610000
13.81884933
13.82839380
13.84730260
13.86510473
13.82517940
13.80238287
13.75879740
13.74129040
13.75069327
13.74682580
13.75229393
13.72557940
13.75662760
13.73191100
13.72611293
13.73374433
13.74024007
13.77154940
13.77697993
13.70774487
13.77448173
13.75159960
13.74241900
13.73871213
13.78200387
13.77346560
13.77838060
13.77497793
13.74718180
13.77333753
13.76230113
13.79092453
13.80581393
13.80590513
13.81315233
13.82624273
13.81158700
13.80864360
13.77089087
13.78512780
13.74590853
13.73945027
13.72873847
13.74425193
13.73882907
13.73022713
13.73578693
13.68271240
13.76925260
13.76184940
13.74391487
13.73333287
13.82581693
13.71659647
13.76230667
13.74012940
13.76158487
13.77197960
13.82468500
13.80504847
13.75083853
13.75270927
13.77545747
13.77659480
13.77995060
13.79033113
13.81643573
13.79449153
13.80705133
13.79040867
13.79091580
13.79238187
13.76230260
13.74030340
13.76103973
13.74874100
13.73780233
13.75276613
13.77184380
13.72941213
13.77161840
13.73634393
13.76339940
13.74128740
13.77587287
13.73842533
13.74891313
13.77863287
13.71366220
13.80234660
13.79339020
13.80996907
13.75966440
13.79569793
13.77211693
13.77898000
13.82132827
13.81563440
13.82586000
13.87473487
13.83460973
13.78037087
13.82722567
13.81468073
13.76965127
13.76419960
13.73334180
13.73867247
13.74133567
13.75774520
13.77697413
13.76129727
13.75777267
13.83512160
13.76576460
13.75244993
13.76582507
13.74636033
13.75978113
13.75959107
13.77697313
13.76743420
13.82015760
13.81384720
13.81144347
13.78033113
13.79910240
13.79097500
13.79202360
13.79716840
13.82938660
13.83284000
13.83602773
13.82511140
13.77605020
13.76077033
13.77287447
13.76654367
13.76670220
13.74722507
13.75310600
13.71692653
13.75534787
13.73902107
13.76223180
13.77437633
13.76074900
13.72727827
13.75696893
13.73504160
13.73548973
13.73207400
13.79016320
13.77024687
13.76626987
13.81682893
13.73576987
13.76496747
13.79029827
13.77615713
13.75570847
13.81472600
13.81982520
13.83379693
13.80699173
13.79420920
13.79127473
13.76582320
13.73343827
13.73629540
13.75059760
13.74182133
13.75526253
13.71874720
13.73379860
13.73805860
13.75015100
13.79446940
13.73864520
13.73779147
13.79183753
13.74602773
13.73959907
13.77083440
13.76735473
13.78029947
13.79466633
13.75949753
13.76415673
13.76751900
13.79489627
13.75689907
13.78830653
13.79730593
13.79369767
13.81783460
13.79164407
13.80804593
13.80156280
13.75640253
13.75243747
13.76889453
13.76083500
13.78186893
13.77015633
13.73634807
13.73591733
13.74428480
13.74324180
13.77243227
13.75433407
13.72954413
13.78650933
13.73821560
13.73472367
13.71964067
13.77250313
13.80809720
13.77955687
13.79632947
13.76845153
13.76207320
13.77435667
13.77623767
13.84273327
13.78388020
13.82160653
13.79938180
13.82850940
13.82755907
13.80560000
13.78386433
13.78840553
13.78854573
13.77316800
13.76419060
13.75775687
13.78886673
13.74778900
13.74199140
13.74949333
13.77100860
13.74678920
13.76754913
13.81302847
13.75426673
13.78297480
13.76264527
13.78163953
13.76840813
13.80950427
13.77981413
13.77451560
13.79852020
13.79080120
13.77466320
13.78930300
13.81693487
13.81397840
13.85263467
13.83156800
13.81900533
13.82607973
13.76118513
13.79489247
13.77621140
13.73190187
13.73567660
13.77165400
13.77329520
13.73129840
13.76074253
13.76386307
13.79017433
13.74881153
13.77022633
13.81318100
13.78302767
13.75515760
13.94650260
13.80929220
13.84374227
13.79992060
13.79860680
13.76381007
13.80090220
13.80971973
13.76488187
13.81731107
13.82899200
13.82041493
13.85910367
13.82399607
13.81838100
13.81085480
13.80242267
13.77251193
13.75063747
13.73170687
13.76326853
13.76288433
13.74712727
13.71947033
13.75723580
13.78118167
13.76669067
13.73907153
13.76143720
13.77196320
13.78270627
13.73473540
13.78840933
13.77195927
13.78461960
13.81920193
13.79219493
13.76539960
13.77232633
13.79001787
13.74324813
13.76853007
13.77782333
13.79810733
13.79679240
13.78765600
13.79624600
13.80624553
13.74213913
13.75389573
13.76616900
13.73890247
13.75901507
13.75142553
13.71254220
13.75132807
13.79814353
13.74001653
13.74258647
13.80341260
13.77641380
13.76810000
13.72952167
13.76093393
13.75819267
13.75516913
13.79453620
13.83967707
13.77951013
13.79062160
13.86160453
13.80531400
13.77611127
13.79153873
13.80330413
13.84186733
13.81517560
13.83862493
13.83071767
13.82253900
13.77433093
13.76872240
13.75205487
13.74906473
13.77191053
13.76798613
13.77266013
13.77532213
13.74010133
13.76072407
13.75792947
13.78722033
13.76835173
13.79083660
13.75803193
13.77084320
13.79512587
13.79904273
13.78673467
13.78566667
13.77765373
13.77673380
13.76397847
13.80195533
13.76660500
13.78168373
13.81253120
13.81656347
13.81125753
13.81546593
13.81006033
13.78180167
13.76921627
13.71830973
13.74391380
13.75188407
13.76254880
13.75331387
13.72354647
13.73649440
13.71317033
13.74074880
13.75599240
13.75537813
13.75199747
13.78514667
13.75138980
13.73929487
13.78789353
13.77098140
13.78676860
13.78682573
13.77414387
13.75881307
13.77086040
13.75494573
13.75708513
13.76797807
13.77658313
13.77955620
13.80500813
13.81729133
13.79750527
13.77849773
13.77887867
13.72581387
13.72706287
13.73288013
13.71881067
13.73033873
13.74226580
13.68196053
13.72208127
13.74035060
13.74284540
13.73346247
13.75212073
13.76253947
13.74487480
13.75665513
13.75009673
13.76962580
13.76255733
13.77475580
13.77094567
13.76071180
13.75900080
13.75825080
13.78568767
13.79720393
13.81655540
13.83980527
13.80499900
13.82980260
13.81133440
13.78428167
13.78209780
13.76876793
13.76755120
13.75325880
13.79105947
13.74942487
13.78531227
13.72877647
13.74171227
13.71668680
13.74330033
13.72615973
13.75964060
13.74559473
13.74077793
13.74827133
13.75768700
13.76632100
13.78595840
13.79727120
13.79618093
13.77573273
13.78578833
13.79196900
13.77336867
13.80075740
13.84151687
13.81526547
13.82972927
13.81323900
13.83375447
13.82037700
13.77096067
13.77373007
13.76739933
13.70726953
13.74308860
13.69343493
13.73552540
13.71237860
13.72291540
13.76792147
13.73014453
13.73658307
13.74210540
13.78138993
13.79386873
13.75057113
13.78836227
13.79091220
13.84671973
13.79710120
13.77731000
13.77423827
13.75405707
13.78512347
13.82978487
13.78875807
13.79011420
13.84153900
13.83172633
13.84224520
13.81116793
13.78214933
13.76797167
13.74753767
13.73804507
13.74217987
13.76253900
13.80422647
13.74144973
13.75100640
13.71274353
13.74869873
13.72943380
13.77535040
13.73374120
13.79097240
13.75015173
13.78489327
13.74044247
13.74858120
13.81998260
13.81927867
13.78911793
13.78880100
13.74770467
13.77784260
13.74896320
13.79576493
13.79896693
13.87523027
13.80826620
13.79181513
13.80454433
13.78499327
13.77566480
13.74492580
13.77063493
13.74575493
13.74169873
13.74903027
13.71344667
13.74583100
