16.80575525
14.28705675
14.13083975
14.13294375
14.13638500
14.12361306
14.13597175
14.12789025
14.10746900
14.12126931
14.11049975
14.16979656
14.12602056
14.16540731
14.11966944
14.13902550
14.14134556
14.10959000
14.08988562
14.09176763
14.10434306
14.10921125
14.10422994
14.10894506
14.08890187
14.21456175
14.08153075
14.07560831
14.10152300
14.13125506
14.11250131
14.11470237
14.11021356
14.18310419
14.12475131
14.10645212
14.20789075
14.34657575
14.14530600
14.15648056
14.12936600
14.15703737
14.12436200
14.15401850
14.13292300
14.13971188
14.13962587
14.12812125
14.10722000
14.13522744
14.09498781
14.09369081
14.09849894
14.12140519
14.12505625
14.11563619
14.08344313
14.09330206
14.06146000
14.07861281
14.08104587
14.11243525
14.13193775
14.11909156
14.13251200
14.14987250
14.12070675
14.14308050
14.13659306
14.11137100
14.12455362
14.14047656
14.12207512
14.12404438
14.10583713
14.13501069
14.11841775
14.13506450
14.11180069
14.12991831
14.11605681
14.10098575
14.07133138
14.11017656
14.08508631
14.08703112
14.10505075
14.11076419
14.10443100
14.07753281
14.07596800
14.09541694
14.09366087
14.12933294
14.10528456
14.08808931
14.12616394
14.17323769
14.11812600
14.13232712
14.13884569
14.14195638
14.17589013
14.11339869
14.09664462
14.13411550
14.10080344
14.17021463
14.16813331
14.18452075
14.16683288
14.19584937
14.12667488
14.13494481
14.09608031
14.12595231
14.11797975
14.11507869
14.10905513
14.13525000
14.10967963
14.13238600
14.10356713
14.13062981
14.11623300
14.14109444
14.15252556
14.15555975
14.12028581
14.15821575
14.17708713
14.15079488
14.13794094
14.14994656
14.17585369
14.15259369
14.13300400
14.10751625
14.12065794
14.18420944
14.15175875
14.14928869
14.13711356
14.12642231
14.10455850
14.14009056
14.13167794
14.12233506
14.11287412
14.09048094
14.10613912
14.12629938
14.09651375
14.09043625
14.08440088
14.09543500
14.09350937
14.14466181
14.13070719
14.09357500
14.13529825
14.14210106
14.14559256
14.13322650
14.14157938
14.11719288
14.14006613
14.14271131
14.13129219
14.10591700
14.19722363
14.16028588
14.15272556
14.17347394
14.12854887
14.11851981
14.09375588
14.13266556
14.09847938
14.09742037
14.11019419
14.09741069
14.14417113
14.11863363
14.10921625
14.08204650
14.08016475
14.08289788
14.08501244
14.09806544
14.10346244
14.07889700
14.11545200
14.13834138
14.11337425
14.14077550
14.12919262
14.14880238
14.13154675
14.13600531
14.14659869
14.14572700
14.11445106
14.17676300
14.15100356
14.11172975
14.11968819
14.15958894
14.12497450
14.17103031
14.13516794
14.14253606
14.16144087
14.13404375
14.10448975
14.11780763
14.16306231
14.13699269
14.14310025
14.14293713
14.13835200
14.18452644
14.22439987
14.18104637
14.20573931
14.20460306
14.19870581
14.18089987
14.17245150
14.16516831
14.20098681
14.17646175
14.17134375
14.15793894
14.17978625
14.18325119
14.19078369
14.19678500
14.18152700
14.16192825
14.15618144
14.17115288
14.12644356
14.14757050
14.14912756
14.13688175
14.33422113
15.15584125
14.10801781
14.29082956
14.18654413
14.12299806
14.11246094
14.13809650
14.14567113
14.16012844
14.15698575
14.18179681
14.16740206
14.15993206
14.17171687
14.16499094
14.16039469
14.15967462
14.14358013
14.14124162
14.13475900
14.17910425
14.19116356
14.15540550
14.12065900
14.17783869
14.10518962
14.12857994
14.14138044
14.13580850
14.08813781
14.10686969
14.08973537
14.12687250
14.10973863
14.10470812
14.09258288
14.11184419
14.10699450
14.12597619
14.13695938
14.11152612
14.13207650
14.16062644
14.13922881
14.12890456
14.12224225
14.13966712
14.15350319
14.12408038
14.11879381
14.15495075
14.10796975
14.13839975
14.13267750
14.11902181
14.13002812
14.11541969
14.09954319
14.10852937
14.09896963
14.10261431
14.06708356
14.06158113
14.07868288
14.09075269
14.06950238
14.09621637
14.09119513
14.05729006
14.07335225
14.10135581
14.08547600
14.11867825
14.10704075
14.13622831
14.10125975
14.11424475
14.13830175
14.15794031
14.11402113
14.14181169
14.14696231
14.17755700
14.18075206
14.15539944
14.16409900
14.14514275
14.13365894
14.16460931
14.13512169
14.15805575
14.13491494
14.18119169
14.13062763
14.13131538
14.11768881
14.13289712
14.13259019
14.12295119
14.12507044
14.15066850
14.12334287
14.15539081
14.16790144
14.21589400
14.16538894
14.16916500
14.17860400
14.14661856
14.10735250
14.12645088
14.11570494
14.12105163
14.11034894
14.11800313
14.14585206
14.13369906
14.12072156
14.12928031
14.12200450
14.13765938
14.07257587
14.12813788
14.10725256
14.09062944
14.11222169
14.07861175
14.08226762
14.09852675
14.10611037
14.04910831
14.06793381
14.11703831
14.12157856
14.15582031
14.12406294
14.12269000
14.13478013
14.16402575
14.14865300
14.13608481
14.13866594
14.14125612
14.29318944
14.17079469
14.11926562
14.11380313
14.09943619
14.14836075
14.16710144
14.15326781
14.16407156
14.19287475
14.14381119
14.12483938
14.14908894
14.11668181
14.11324394
14.12505244
14.11518581
14.12768006
14.14024494
14.10651956
14.09031388
14.12602956
14.11279900
14.12612087
14.14069381
14.14171306
14.12944950
14.14473000
14.12066656
14.14726050
14.10256587
14.10995437
14.11946975
14.12972525
14.13926062
14.14213044
14.11240588
14.15978669
14.12101819
14.10256013
14.09231506
14.10640637
14.09047344
14.12849494
14.09685587
14.09227775
14.10959450
14.11275456
14.06858412
14.09335694
14.07467312
14.06683800
14.07974987
14.07553050
14.08397169
14.11893962
14.08888119
14.11861869
14.10526438
14.13993844
14.12343825
14.11441019
14.13098562
14.11519737
14.12737175
14.12005319
14.10958325
14.12381456
14.10444306
14.14154463
14.14362206
14.10723737
14.13721306
14.13305688
14.08275631
14.11089394
14.09228525
14.07192294
14.07644869
14.07744163
14.06420400
14.10254675
14.08849394
14.06148456
14.09299512
14.09156963
14.09682775
14.10556544
14.11299156
14.10395931
14.12083913
14.13572869
14.12111169
14.12012194
14.11219250
14.12613487
14.13639525
14.12654900
14.16960144
14.16930225
14.15115481
14.19692587
14.15625462
14.14507756
14.15680588
14.18139675
14.14210925
14.14152487
14.11909063
14.13072294
14.11521062
14.10420369
14.08718656
14.11351781
14.12737606
14.10553125
14.12621925
14.11315975
14.09899475
14.14742394
14.12182637
14.11976462
14.14756238
14.13974244
14.15540744
14.12815156
14.12350875
14.13481856
14.13969950
14.14434800
14.14465244
14.11621031
14.12696556
14.16723387
14.13265438
14.16874563
14.13296812
14.15224787
14.13542156
14.14200256
14.07889181
14.09730931
14.09061575
14.09628119
14.09458575
14.10346613
14.11468937
14.09208531
14.11181463
14.11536669
14.10695206
14.14231144
14.14064625
14.12111094
14.16073000
14.16578050
14.14621037
14.16260769
14.14117044
14.13640425
14.11047994
14.12168075
14.15314994
14.14036050
14.14902663
14.13591487
14.15193319
14.12878363
14.13178531
14.14505375
14.09751269
14.13215356
14.10971938
14.10450594
14.10786338
14.09355694
14.11406956
14.10280994
14.08233994
14.16315887
14.06089775
14.10086744
14.09256394
14.11427575
14.10398537
14.10926556
14.10914150
14.14823775
14.11226594
14.14419169
14.11650694
14.11919300
14.11875856
14.13212338
14.11271662
14.11414175
14.11452037
14.14048644
14.14543150
14.14598387
14.13234519
14.16003175
14.08233519
14.10400031
14.11297594
14.10470931
14.10125187
14.08316713
14.10968762
14.14006656
14.08747700
14.09407631
14.07657862
14.08168156
14.07375550
14.12626488
14.12924088
14.11878000
14.15002200
14.17775425
14.15583875
14.10049594
14.13211150
14.14224531
14.14032631
14.16203331
14.10628206
14.12329838
14.11845419
14.13709275
14.13504694
14.15041787
14.17065237
14.12685506
14.10137881
14.10661331
14.09883925
14.09794637
14.06413362
14.08035625
14.07095687
14.10376500
14.08815425
14.06697706
14.05279581
14.04167075
14.08386106
14.10319038
14.10426706
14.08376994
14.12448319
14.14496106
14.12107425
14.11154394
14.10651206
14.12076563
14.10724256
14.10228938
14.10421169
14.12966163
14.11034556
14.14363094
14.17293113
14.13148956
14.14013469
14.15250287
14.14364900
14.15092669
14.11663656
14.11678400
14.11326669
14.13452769
14.09951606
14.14340956
14.10376188
14.10549331
14.12351025
14.12519481
14.12144988
14.11001906
14.14669244
14.15515925
14.28857475
14.14490981
14.14213206
14.14495513
14.13143994
14.11988419
14.18555831
14.18171625
14.16020506
14.14438406
14.14165612
14.16345256
14.17137919
14.18249794
14.13587806
14.13789125
14.10939531
14.14022487
14.15226106
14.13541687
14.09458844
14.10673563
14.10725487
14.11276838
14.13161275
14.07541131
14.08683838
14.08682444
14.07172712
14.10636244
14.11503606
14.07854050
14.10629563
14.15446456
14.11368744
14.09584294
14.09602394
14.13635237
14.11688731
14.11557369
14.11315169
14.10141925
14.16301556
14.15032200
14.15350250
14.14288631
14.13109275
14.16302750
14.11143431
14.13474538
14.09582081
14.10901737
14.09674319
14.11481450
14.14822925
14.13463619
14.12066188
14.09383481
14.09383687
14.07999413
14.13469419
14.15693344
14.17412837
14.13945750
14.15184819
14.16412519
14.14123562
14.13284606
14.14298419
14.18354650
14.19062819
14.16095025
14.32825956
14.16292863
14.13916806
14.15094950
14.11443306
14.11980650
14.11796356
14.12421562
14.09678744
14.11039094
14.13279169
14.13739663
14.14231119
14.10996325
14.11547600
14.15075688
14.12817950
14.12416944
14.11762294
14.11192019
14.15444800
14.15283412
14.14675931
14.15975000
14.16025363
14.18857756
14.17656106
14.16225112
14.12575356
14.16036487
14.16482044
14.14317000
14.12100563
14.14783081
14.12568988
14.16279344
14.15647537
14.14371181
14.15043212
14.15143844
14.12130625
14.13586200
14.14066744
14.14570594
14.14022856
14.13905012
14.12886656
14.12352663
14.11991456
14.10592419
14.12928950
14.13154431
14.12095956
14.14897737
14.16603662
14.13159156
14.14525862
14.19622881
14.19753206
14.16294000
14.16038537
14.17879131
14.16226613
14.16978181
14.16073356
14.16992150
14.15543038
14.18556037
14.16461506
14.16644000
14.10645688
14.12515831
14.11127700
14.09936556
14.08688512
14.07786869
14.07145819
14.08355256
14.08280656
14.06941025
14.07930294
14.05699550
14.08130119
14.08328169
14.06713000
14.08989500
14.12084444
14.08862500
14.11808687
14.13048225
14.10493913
14.11877112
14.11039981
14.10933681
14.09659950
14.13534181
14.12228319
14.09104819
14.10775288
14.12606456
14.11315219
14.13184419
14.13430138
14.13690487
14.07399612
14.11275963
14.11781231
14.09464319
14.06975562
14.08461512
14.08733425
14.09747063
14.08201162
14.07374406
14.08503244
14.08351562
14.09204744
14.09727875
14.09685406
14.08849081
14.12511394
14.14153731
14.11721919
14.12975063
14.15498469
14.18616800
14.17743312
14.20017906
14.21161912
14.18966600
14.17003375
14.17822313
14.20404087
14.18903075
14.18013837
14.16429738
14.14629994
14.16084606
14.16394356
14.15403588
14.14298456
14.13687156
14.16423431
14.14491956
14.11963425
14.12887119
14.11987444
14.14185856
14.13118731
14.16077775
14.19311106
14.16589650
14.17522094
14.21991150
14.22729937
14.19728881
14.22955150
14.20293950
14.20938406
14.22763862
14.18251219
14.18619494
14.19392712
14.19004594
14.18305513
14.19985431
14.19976744
14.19504375
14.16077400
14.19782706
14.15272144
14.16934512
14.14617919
14.15234175
14.11294231
14.13583387
14.10772606
14.11360888
14.10376162
14.12410162
14.07980731
14.11421863
14.13926638
14.10336456
14.13113731
14.15024550
14.13433944
14.16191900
14.13759200
14.14125275
14.13616594
14.13950950
14.13509087
14.12850900
14.12853919
14.12607813
14.13266663
14.12166475
14.10828938
14.11357225
14.11551919
14.09566750
14.11605187
14.10696925
14.13216256
14.09772169
14.09104306
14.11758794
14.08709288
14.07287638
14.08772831
14.07723944
14.08681069
14.09911294
14.12617463
14.09438281
14.12779706
14.13290294
14.09645212
14.12073606
14.12849438
14.11829094
14.10579719
14.10724900
14.09894269
14.10802306
14.10154369
14.13140944
14.11934625
14.11424981
14.11867462
14.12520850
14.11567850
14.13703625
14.09190669
14.13316094
14.08786775
14.09682206
14.08503075
14.09673256
14.07984856
14.09001912
14.07673800
14.09712338
14.07513662
14.11596025
14.14891463
14.11465356
14.15214581
14.17655262
14.16468269
14.12038300
14.11152606
14.14294387
14.15418725
14.11438675
