18.08325741
15.46824265
15.40947894
15.34386976
15.34686541
15.30045824
15.30954441
15.35337741
15.39860041
15.35215724
15.35578847
15.35178553
15.39945118
15.36338718
15.39086218
15.41665135
15.36747547
15.36210647
15.42796494
15.35430129
15.37857788
15.39469718
15.40357394
15.37504359
15.39078665
15.37968682
15.38739224
15.37700747
15.37085918
15.38701841
15.34280700
15.36928188
15.38484924
15.33122753
15.34013706
15.30253288
15.27376094
15.25523924
15.27838894
15.25879182
15.31652276
15.35883382
15.36834771
15.39577147
15.39222106
16.38283835
15.46614700
15.38110594
15.40848829
15.37259553
15.39509447
15.37225218
15.36662276
15.40677612
15.37707971
15.38518182
15.38943441
15.36490818
15.38315747
15.37192912
15.36460259
15.35794647
15.41103435
15.42659147
15.41209265
15.38870947
15.37974771
15.32613941
15.32040306
15.35686741
15.35528924
15.30718900
15.33599700
15.36033165
15.36538776
15.34079971
15.38910782
15.37219776
15.33473718
15.32990424
15.38117429
15.38641600
15.40045747
15.34239524
15.34666865
15.38601100
15.39976265
15.38521347
15.39294182
15.36298947
15.36335600
15.37715059
15.40260318
15.33950382
15.33696329
15.36766418
15.36501318
15.35036888
15.33935971
15.30278029
15.31351894
15.30642782
15.32916571
15.32140418
15.33639171
15.33236794
15.40429906
15.33981824
15.36997424
15.38643900
15.35117071
15.36140441
15.37280124
15.38772029
15.39792418
15.37222947
15.37887088
15.36539253
15.40825118
15.36778765
15.37689376
15.40792159
15.37134371
15.34305729
15.35556782
15.55299100
15.36892088
15.41423459
15.42537447
15.38036488
15.32546488
15.32930082
15.32088188
15.30548547
15.30862653
15.32409265
15.29767118
15.36983965
15.33598406
15.33783600
15.36890871
15.33493212
15.35761724
15.34989194
15.34520888
15.35388124
15.35709388
15.34021565
15.37588929
15.37457447
15.39550041
15.36344106
15.38799806
15.34731441
15.35235924
15.34922276
15.33841335
15.34872588
15.38463806
15.37083159
15.34951329
15.27626071
15.31786194
15.31231847
15.29711918
15.28707965
15.31067153
15.29246500
15.29478065
15.32344341
15.33367076
15.30549006
15.38094212
15.37143453
15.38565541
15.38399741
15.38771971
15.37028529
15.40188912
15.37400159
15.39734094
15.37441076
15.37780035
15.33056718
15.32353365
15.32096776
15.32242194
15.32017035
15.34989971
15.39907818
15.39882829
15.41021994
15.41590388
15.39391853
15.33316718
15.29109029
15.31070176
15.30367441
15.30602665
15.31015676
15.30906288
15.33502982
15.33127982
15.32933900
15.40132488
15.34618729
15.36791535
15.36887776
15.35375012
15.35933941
15.40784329
15.36792835
15.38436412
15.40174412
15.39103841
15.38854124
15.37651465
15.37194794
15.39438900
15.37348382
15.33286412
15.31843894
15.31764347
15.37413747
15.36224200
15.36492835
15.32391347
15.31062965
15.31705788
15.32453312
15.32804859
15.32010735
15.32273329
15.33249853
15.36854788
15.34001006
15.38708759
15.35846559
15.38766824
15.39495506
15.37357194
15.35178629
15.38117694
15.35949241
15.40280835
15.38232306
15.41465471
15.38164788
15.39455782
15.39097629
15.38788341
15.38668594
15.37567294
15.35264624
15.41816265
15.40700371
15.41492082
15.39276724
15.36192565
15.34288918
15.32791971
15.31555841
15.32188218
15.36171735
15.31404247
15.35216388
15.37699359
15.34433065
15.36686094
15.37982018
15.40477735
15.39723288
15.41791912
15.38899659
15.38790535
15.34236459
15.39351000
15.36290229
15.37918953
15.40948694
15.34150518
15.33011547
15.34640653
15.35527624
15.34508859
15.33334453
15.34822594
15.35757824
15.36293212
15.37607518
15.30737041
15.29885618
15.41009118
15.30600388
15.31928118
15.31449847
15.31497929
15.34076612
15.34871365
15.32922900
15.30335606
15.31191176
15.40593324
15.41940735
15.60750659
15.42035024
15.37821288
15.36775829
15.38662182
15.38324476
15.40030006
15.37124635
15.38424747
15.34970576
15.39819500
15.35871100
15.37605918
15.33898600
15.37526641
15.39497194
15.42509159
15.39033700
15.30631606
15.31412135
15.27154171
15.28573941
15.29552024
15.30837818
15.27460253
15.29925588
15.34653012
15.34636365
15.36154641
15.38497906
15.40159400
15.40202376
15.40038029
15.38909341
15.39772512
15.38827147
15.40959312
15.40087918
15.41267724
15.39933700
15.39220424
15.36542976
15.37521576
15.40511565
15.36755112
15.34040047
15.34609976
15.34701441
15.36014276
15.34283706
15.33187800
15.28626647
15.29400459
15.28916082
15.36857935
15.34825788
15.36923353
15.38038635
15.38212429
15.36024429
15.38284641
15.36362282
15.35065718
15.39045576
15.38194288
15.33925606
15.42061447
16.01568235
15.41059018
15.40553988
15.44093100
15.40718900
15.39918629
15.34539759
15.37781518
15.37974459
15.37540412
15.36852776
15.38529065
15.37605588
15.39522500
15.36833888
15.33036982
15.31658765
15.30583506
15.28969712
15.30375488
15.29684029
15.27496747
15.31867694
15.30546659
15.33865465
15.37032782
15.37619876
15.38464576
15.41388235
15.38037347
15.38777129
15.39852765
15.36473182
15.39017012
15.41107394
15.39524012
15.43638971
15.43341571
15.41180241
15.39944482
15.37696400
15.38174082
15.36588465
15.40066441
15.38473871
15.38125424
15.37805335
15.33077647
15.33372659
15.35066729
15.33604512
15.33962518
15.30169324
15.33999365
15.35068665
15.35848476
15.34236053
15.40558106
15.36756024
15.39234600
15.39401982
15.40575853
15.39485294
15.40279935
15.39244294
15.42695318
15.39092429
15.39038794
15.39672582
15.36592506
15.38782324
15.37838094
15.36469029
15.37454665
15.35845047
15.37947824
15.36666365
15.42336441
15.37697588
15.34831953
15.31981959
15.31921759
15.30605153
15.31979353
15.31205882
15.31018153
15.34725447
15.34209218
15.36266129
15.38751982
15.37310047
15.40515818
15.40799124
15.37984859
15.36555218
15.40992024
15.32799518
15.39153024
15.36972112
15.37453182
15.38558818
15.39660188
15.38923206
15.40436988
15.36254418
15.40229665
15.36943324
15.38912388
15.39347818
15.39096712
15.35193241
15.33088624
15.33867859
15.33701041
15.34871000
15.38256982
15.35125318
15.32477976
15.35312576
15.37584382
15.36762394
15.42399371
15.39638800
15.38686406
15.38155412
15.41236612
15.36686212
15.39042688
15.35218341
15.40538118
15.38373641
15.37118159
15.40041324
15.38168582
15.37981324
15.37669171
15.36984241
15.39254524
15.38452918
15.41386541
15.42679082
15.43872447
15.39923124
15.34254012
15.31319000
15.34199053
15.35181059
15.35224306
15.36160682
15.33690041
15.36476835
15.37825535
15.35884329
15.45701976
15.40527794
15.41901759
15.40974894
15.40207406
15.43014247
15.42347776
15.41498624
15.40334482
15.38230159
15.42434882
15.40580200
15.34995053
15.33010100
15.32526765
15.33741553
15.33370612
15.33518441
15.39360965
15.37072900
15.38039976
15.35610735
15.33119406
15.30515012
15.33735888
15.32611747
15.33756959
15.32881894
15.33037500
15.36971365
15.34944676
15.34294676
15.38890406
15.37710835
15.39941947
15.38411135
15.35866541
15.38269647
15.48633700
15.38397265
15.40823453
15.41200212
15.36191859
15.35728776
15.38189118
15.36615935
15.39973324
15.35370353
15.31693329
15.35214729
15.38498176
15.37977394
15.40095206
15.37886118
15.35426918
15.31354224
15.29078959
15.32895994
15.30309335
15.30185253
15.31274853
15.32527218
15.34122147
15.35128159
15.38544271
15.36762888
15.39058165
15.39911353
15.39950994
15.37242118
15.43495647
15.40579812
15.40496406
15.43667653
15.40299547
15.43754829
15.40005735
15.36477082
15.39130835
15.36200871
15.40467035
15.38959547
15.40534341
15.37718188
15.39995718
15.35532359
15.32902312
15.34498941
15.33620259
15.32974024
15.31263847
15.34460559
15.32569800
15.34808835
15.30040853
15.29903824
15.30092382
15.27018971
15.38153824
15.39292124
15.38759224
15.43091524
15.40559300
15.39572112
15.36741024
15.41315647
15.40220382
15.38609635
15.35879606
15.37028771
15.36276188
15.36490853
15.33594406
15.35856600
15.38108724
15.39057559
15.40999106
15.38340500
15.32772488
15.31784065
15.33237541
15.31210524
15.34079812
15.32611047
15.34285865
15.35749076
15.36433341
15.34263053
15.38353306
15.37605094
15.38045806
15.38010582
15.36799182
15.37668141
15.38205035
15.35492771
15.37004659
15.37906653
15.38979700
15.39867453
15.38215400
15.34460929
15.39436241
15.35618971
15.34527453
15.35367971
15.35850382
15.33926353
15.40729482
15.32238171
15.32555847
15.29608171
15.33735359
15.29968176
15.30390694
15.30038847
15.32821535
15.35413247
15.36053541
15.35504024
15.34759624
15.34006094
15.40416041
15.40344429
15.36931094
15.37547818
15.38745076
15.37652706
15.39984188
15.40368012
15.38529212
15.42192682
15.59769418
15.43958582
15.39986412
15.35434071
15.36045394
15.38737247
15.38350306
15.37657324
15.38180894
15.41016106
15.32830600
15.34015765
15.31957094
15.33564553
15.32780829
15.31518065
15.33413235
15.33150612
15.32008341
15.33388353
15.37675553
15.37908665
15.36774012
15.36744565
15.38037447
15.38216729
15.42500641
15.37769529
15.36791300
15.41987347
15.38002071
15.36349871
15.38291618
15.36123747
15.40848953
15.37412253
15.37602665
15.34944953
15.36569047
15.35836071
15.38099841
15.34676424
15.32695082
15.29676571
15.31951624
15.29575729
15.32568282
15.32017118
15.32784076
15.35797618
15.35756341
15.30979629
15.41731888
15.38808035
15.40636635
15.39820365
15.41256953
15.40336765
15.41139906
15.39169165
15.38474424
15.42513253
15.41392618
15.40118329
15.43524929
15.42976818
15.40105876
15.39954847
15.35655235
15.38793776
15.43406606
15.43376300
15.39787800
15.39627712
15.33886200
15.33310406
15.31887629
15.29964471
15.30716629
15.32194435
15.28946300
15.34446529
15.31043665
15.36301876
15.37293412
15.31922288
15.35812282
15.37396988
15.41378200
15.37650247
15.39826782
15.37853594
15.40446194
15.41968424
15.42519959
15.40991882
15.40515841
15.43002329
15.40639706
15.41439565
15.40324412
15.37381494
15.33349788
15.36663406
15.36050153
15.32064735
15.33601641
15.29618147
15.32139088
15.29562994
15.32409371
15.31606676
15.29318606
15.35596118
15.36291071
15.32266388
15.38765524
15.35671112
15.36057047
15.37989512
15.35709076
15.37553194
15.40231794
15.36900094
15.39510071
15.39183953
15.37176506
15.34315776
15.37386906
15.35032471
15.40402129
15.40215982
15.37891318
15.39664029
15.38230835
15.37036941
15.39679182
15.37715094
15.32605088
15.30768424
15.30411071
15.28663935
15.32109106
15.32267012
15.30780776
15.32668171
15.34219206
15.34278800
15.38141753
15.36483365
15.40553276
15.39159847
15.39164894
15.38164612
15.39316618
15.36831435
15.39273835
15.38569718
15.39078529
15.42561094
15.38441806
15.37951341
15.40344194
15.37298841
15.37588712
15.32703653
15.37267400
15.35909565
15.37952382
15.36849488
15.32850453
15.31589435
15.29566647
15.31884618
15.31195112
15.33354594
15.35766118
15.31614494
15.32791094
15.36262424
15.35858494
15.32595118
15.36551518
15.34515429
15.38943224
15.36294012
15.37261512
15.37377700
15.38011559
15.42363112
15.38311518
15.42771300
15.39719024
15.34341259
15.39250753
15.34847688
15.32931300
15.33497882
15.41157571
15.38900371
15.37816335
15.36403753
15.36442682
15.35849029
15.31749253
15.35839635
15.32575453
15.30837729
15.29413994
15.38835759
15.36246565
15.36480265
15.42406041
15.38580388
15.38984700
15.40953353
15.41806347
15.39168259
15.43564747
15.38894853
15.37067259
15.38886888
15.43599106
15.43485841
15.43399112
15.40746518
15.40628359
15.39834018
15.41750741
15.38140053
15.36513629
15.35607388
15.36733147
15.36653306
15.34482694
15.30022641
15.29803294
15.29808547
15.35642806
15.29588212
15.28991376
15.33004929
15.34501835
15.37080600
15.39000671
15.41007300
15.41807653
15.41406276
15.40298288
15.38422859
15.41120029
15.40358282
15.41464771
15.38737741
15.41586859
15.38377065
15.39554012
15.37627665
15.36017929
15.53311529
15.34897082
15.39484482
15.46320576
15.43424424
15.43288188
15.33449165
15.31371700
15.26828276
15.32660371
15.30027582
15.28743341
15.30329141
15.32660218
15.34190006
15.35047665
15.37082659
15.38112824
15.36730412
15.37217376
15.37763112
15.36865676
15.36337994
15.39318829
15.38497718
15.36348976
15.38488724
15.42064153
15.37521618
15.41762800
15.34744912
15.34250453
15.36495835
15.39931682
15.33597765
15.32870771
15.42677835
15.38736282
15.34235141
15.32023800
15.31589465
15.27928253
15.23482594
15.31628547
15.30716276
