17.87341061
16.19601444
16.09349650
16.15236367
16.09621050
16.14736944
16.08277111
16.11288450
16.06690878
16.07901056
16.04840111
16.13288061
16.11233650
16.11719767
16.11008444
16.12631628
16.14765339
16.12530128
16.12189800
16.08775106
16.10826639
16.10706389
16.08284367
16.08036439
16.07699778
16.09828739
16.04866494
16.07931672
16.08533289
16.11119994
16.08189978
16.15684133
16.09187189
16.08767333
16.11373100
16.14841311
16.13122089
16.12123400
16.08855222
16.11925867
16.11533894
16.20651833
16.11000406
16.12203050
16.12265517
16.13356628
16.18261694
16.16612233
16.13331111
16.12300667
16.12394567
16.14584433
16.10793339
16.13108278
16.10432533
16.10682694
16.06752228
16.09153478
16.07393078
16.08094644
16.06337072
16.08768478
16.06195300
16.08371461
16.06471917
16.08233322
16.08229206
16.09752261
16.12013578
16.13580794
16.11825056
16.10760467
16.07827839
16.09776894
16.06761006
16.27181733
16.10087594
16.14541556
16.13394372
16.14460339
16.09291583
16.10209122
16.12659122
16.12443983
16.10869317
16.07452217
16.09878939
16.06950217
16.08826294
16.06630728
16.05804928
16.12046450
16.07377261
16.09305456
16.12229350
16.11442022
16.12057728
16.11371650
16.15136272
16.14103183
16.13160806
16.09840467
16.08934561
16.12012450
16.12182189
16.11702911
16.10269017
16.16376278
16.14817539
16.17614139
16.18379733
16.18081950
16.16099506
16.18514594
16.17835556
16.18608256
16.15229789
16.14417239
16.14444156
16.14044444
16.13037722
16.11977506
16.11093078
16.08046622
16.04708400
16.05272333
16.05765578
16.05876733
16.06562006
16.07204522
16.10128483
16.08602794
16.07807644
16.07806861
16.11526633
16.08768133
16.06854911
16.09589778
16.05877367
16.08151117
16.08652706
16.10825439
16.12653394
16.12738106
16.14890017
16.13855628
16.13175111
16.11554044
16.11998206
16.09880011
16.09819028
16.11731006
16.12620756
16.07739944
16.07423900
16.07893011
16.09815622
16.09519844
16.12409667
16.11395344
16.12688967
16.10763544
16.12215106
16.14140578
16.13946139
16.15962233
16.15468861
16.12998694
16.12357678
16.13935639
16.15291106
16.14215433
16.17413961
16.16603972
16.12634194
16.18516117
16.12379528
16.14603311
16.13357239
16.14189633
16.15166139
16.10195050
16.11466500
16.10575278
16.07986939
16.06336689
16.01720678
16.03864511
16.02459544
16.05845522
16.06405656
16.04062161
16.09821783
16.06689883
16.04594750
16.06640344
16.08115161
16.09031150
16.07545450
16.14130544
16.10480800
16.07230306
16.09581317
16.09537550
16.12641600
16.12165678
16.13944600
16.10287906
16.12743728
16.13810894
16.13839122
16.13729250
16.13830172
16.11598372
16.10456922
16.13555922
16.07198200
16.07584344
16.10665200
16.08476850
16.13586672
16.10181256
16.10530994
16.08636672
16.11356061
16.11003178
16.12027911
16.14355767
16.12782756
16.11541328
16.10051011
16.09356017
16.08833056
16.10861539
16.08486839
16.10189094
16.09263250
16.11774867
16.14056578
16.11676283
16.11775089
16.11681361
16.12367989
16.12644333
16.09706850
16.09934611
16.08740606
16.05647944
16.02778833
16.06929706
16.06895722
16.06935811
16.05509356
16.03742861
16.07780317
16.05117794
16.07151906
16.06557144
16.07752789
16.09783822
16.07755939
16.09296633
16.09744406
16.08234678
16.05231861
16.05377522
16.14164428
16.09690967
16.13474406
16.09540272
16.10006200
16.08443994
16.13039594
16.10209150
16.10012300
16.10973494
16.07911422
16.08330339
16.06530450
16.08211806
16.04602189
16.04113911
16.09141450
16.05600561
16.09680183
16.09428383
16.13417356
16.68936261
16.35998083
16.15393867
16.16668539
16.12968300
16.16395600
16.11373700
16.09942511
16.15029039
16.11386856
16.13551594
16.11828983
16.10414856
16.13238261
16.13596344
16.15188406
16.14251844
16.11137250
16.15521428
16.11594017
16.15060922
16.10030828
16.11312367
16.06463000
16.04466283
16.06139911
16.07476217
16.03041206
16.01330156
16.03320444
16.05039156
16.06202617
16.04383172
16.06456544
16.05404417
16.07799983
16.06089978
16.06767739
16.09918450
16.06769178
16.05722511
16.04149817
16.10601650
16.07663317
16.09155494
16.11742850
16.11431122
16.10758783
16.13148850
16.11783250
16.13252478
16.12255317
16.12769544
16.12766911
16.09804700
16.07930089
16.11813572
16.10322706
16.06492517
16.05249061
16.05811372
16.10070211
16.07635967
16.12009294
16.12431256
16.13067739
16.11379989
16.12474617
16.16941378
16.13471478
16.09777472
16.08868333
16.09733389
16.09542294
16.10391711
16.10991256
16.10890878
16.14152061
16.15632344
16.16378817
16.15615417
16.17047367
16.13725161
16.14435267
16.12516067
16.14781361
16.12574278
16.09242611
16.08431783
16.08544850
16.07261539
16.10714067
16.06708833
16.06749867
16.06181861
16.05988211
16.04793433
16.06074739
16.05360789
16.07384894
16.10581044
16.09377789
16.09955844
16.08147311
16.04283244
16.03695567
16.09038306
16.05646811
16.08202072
16.07739006
16.11069478
16.06913106
16.08986428
16.09327794
16.09186022
16.10833789
16.13708572
16.10811361
16.09335772
16.08735267
16.09176517
16.13148972
16.08134306
16.05712428
16.07621350
16.07852289
16.08750283
16.11592294
16.12000239
16.11591917
16.11800039
16.14115494
16.16261089
16.13938917
16.12091461
16.12505428
16.11188778
16.13887889
16.11770161
16.11217300
16.13242278
16.13819000
16.15697572
16.14969439
16.12907044
16.12269756
16.14123628
16.15181067
16.13463633
16.13347972
16.11756917
16.11132083
16.10129911
16.07458378
16.11436317
16.12595028
16.11646739
16.08060122
16.06934411
16.05918322
16.08671972
16.11256761
16.10902078
16.12474617
16.11391383
16.09413783
16.11049244
16.10063139
16.11681978
16.09923722
16.15132544
16.07659372
16.13710528
16.12647689
16.12298128
16.09575611
16.14679378
16.10581611
16.13395233
16.14687678
16.11971172
16.11099956
16.08477667
16.07439194
16.09519650
16.06311483
16.05851694
16.06099094
16.07917600
16.13021767
16.12233367
16.10247450
16.14587311
16.11823889
16.13876906
16.13676383
16.15222078
16.16742683
16.14636028
16.10760939
16.16667678
16.10969889
16.13751667
16.13006039
16.14083267
16.16603611
16.16564550
16.13780083
16.13614706
16.12644800
16.14263433
16.16134328
16.16833244
16.14524033
16.13391722
16.13146372
16.09803872
16.11219139
16.10436094
16.09018494
16.08831539
16.09309244
16.06432633
16.10385167
16.10494506
16.11251000
16.10099178
16.13800261
16.13607822
16.13948428
16.14141356
16.11515778
16.15280550
16.12521044
16.11944817
16.09251206
16.12540906
16.13898667
16.16041694
16.15150700
16.12302656
16.12360689
16.16308800
16.15422567
16.17696750
16.15429133
16.13104017
16.28871094
16.13613694
16.11840261
16.12618050
16.14537822
16.13631906
16.13867611
16.11831233
16.14074700
16.10666267
16.17560006
16.15906433
16.16676017
16.13814189
16.12897483
16.11744444
16.12312194
16.16126222
16.13744850
16.09377283
16.11518856
16.10564983
16.13458772
16.14011144
16.16014078
16.14922717
16.11128389
16.13343300
16.12477650
16.10841239
16.11735139
16.09488939
16.06595011
16.06301867
16.05183239
16.03695772
16.02921850
16.07237372
16.04414667
16.05315839
16.05490533
16.09021906
16.05552900
16.09535883
16.07633550
16.09505867
16.05297739
16.07594483
16.06868639
16.07810700
16.03836533
16.08060472
16.06839306
16.07187683
16.08381700
16.08814689
16.08307978
16.08154789
16.06963389
16.09794900
16.11401450
16.08932078
16.09594056
16.23987717
16.18243500
16.09390728
16.08232267
16.04042467
16.05444872
16.08016161
16.04648161
16.03327961
16.06879239
16.07968644
16.11473744
16.12582650
16.13931744
16.14181239
16.10974933
16.11532467
16.08451267
16.15260072
16.11417783
16.10636839
16.09443806
16.12484128
16.12095400
16.13856017
16.14897528
16.11326228
16.12119350
16.11192911
16.10577622
16.09823794
16.08881272
16.09058594
16.11366000
16.06078878
16.06828422
16.04277850
16.03063600
16.05647261
16.04705606
16.04780628
16.04574578
16.07658572
16.06038161
16.08058911
16.09268956
16.08727422
16.06703806
16.10563606
16.09310644
16.15072539
16.05154950
16.06533767
16.08486444
16.10036756
16.08111389
16.09129628
16.08643828
16.09526472
16.09062583
16.09793411
16.12731467
16.10129383
16.07180394
16.09860872
16.04793667
16.07817283
16.07168278
16.04454839
16.09623878
16.09760256
16.06513233
16.06178361
16.10993856
16.09789683
16.11589544
16.14074144
16.12320717
16.16691428
16.13521467
16.13191089
16.09740594
16.11964683
16.10146422
16.11280422
16.08940561
16.10288978
16.09481450
16.12426689
16.12945122
16.12013889
16.13794700
16.11800144
16.11007761
16.15005050
16.11148900
16.11814539
16.09364894
16.06144206
16.04006067
16.06414278
16.08565239
16.06102511
16.06396639
16.02371589
16.05509000
16.07151856
16.10375494
16.09108133
16.09220222
16.10526683
16.09069967
16.09000833
16.06082394
16.09148183
16.05776800
16.11177867
16.08418106
16.07772606
16.10429278
16.10246617
16.07859644
16.09474772
16.07857111
16.09653628
16.12858183
16.10027550
16.09525394
16.10465989
16.09194722
16.06394044
16.05666661
16.06337583
16.07893628
16.08605039
16.07541256
16.07407117
16.12494272
16.11183217
16.10835806
16.11326344
16.13298722
16.13665650
16.12029139
16.11994639
16.13234950
16.12000811
16.09000550
16.10339678
16.10176150
16.09453872
16.10605389
16.10211983
16.12206561
16.10519650
16.11236222
16.11871672
16.12184333
16.11257094
16.11641717
16.11692617
16.09648267
16.08400539
16.05212867
16.09582728
16.06675711
16.04770317
16.04097306
16.04536894
16.04419478
16.08339717
16.07512111
16.06133989
16.09203133
16.08531394
16.08365306
16.09684006
16.07683244
16.08353078
16.06506111
16.09974983
16.04504172
16.09361750
16.09689117
16.07717072
16.06855617
16.09516733
16.11273533
16.09934983
16.09186067
16.09714878
16.08771694
16.08378722
16.05502900
16.06676572
16.03928367
16.04312800
16.03640256
16.06756906
16.08168489
16.07030556
16.07661750
16.06537322
16.09804644
16.09096328
16.10544128
16.11505533
16.11566017
16.11762672
16.09086200
16.08098828
16.09014167
16.11797794
16.08619433
16.09433972
16.09104806
16.09693283
16.09316178
16.11655561
16.10242706
16.12388272
16.11331550
16.11147072
16.11166828
16.07592039
16.07622022
16.07447400
16.03879472
16.05877000
16.04106561
16.03934911
16.05476606
16.06787450
16.03324033
16.07091111
16.07222400
16.09225283
16.09728822
16.08171339
16.07027150
16.07391000
16.08175383
16.07899811
16.06027022
16.08033111
16.04608250
16.09072528
16.06476011
16.10498978
16.07246900
16.09756306
16.11835894
16.13634172
16.08998467
16.09403550
16.07641189
16.06002783
16.08668383
16.05091167
16.05047150
16.07536206
16.07438822
16.07686150
16.09619533
16.09132139
16.12138350
16.10885083
16.10717439
16.11039228
16.13378411
16.16279000
16.18571656
16.13986294
16.11460217
16.12836822
16.15608272
16.11199128
16.13344406
16.11842789
16.12621144
16.13299744
16.11520761
16.13018567
16.13724694
16.12942572
16.14103456
16.15366939
16.11026411
16.12635900
16.06740161
16.07145400
16.07590544
16.05573622
16.09867811
16.07867294
16.02558222
16.08579322
16.09039389
16.07445061
16.09986211
16.09679811
16.12962378
16.10408544
16.11078033
16.12524856
16.09559511
16.09102906
16.08589300
16.09598422
16.05979761
16.07299783
16.22378467
16.16797894
16.10863361
16.10644533
16.09900417
16.15598783
16.11774483
16.12612194
16.10790939
16.07982022
16.09914961
16.09026661
16.07085961
16.07262067
16.06734567
16.06830561
16.04184889
16.05860572
16.08657483
16.08369600
16.12132567
16.12274039
16.18023739
16.15177711
16.10930622
16.14644950
16.10020150
16.12019300
16.08974550
16.12583900
16.10079722
16.10606106
16.10505217
16.12889028
16.12609728
16.12204239
16.11053950
16.12037178
16.11231878
16.10193433
16.09773150
16.08531456
16.05744378
16.07150517
16.04637617
16.07252067
16.04809306
16.04495250
16.03881089
16.06479872
16.07918833
16.07183428
16.06254244
16.09248311
16.08105567
16.09642339
16.10295906
16.12329028
16.12421183
16.11800356
16.06328689
16.11578389
16.07107922
16.08032406
16.09698633
16.11546983
16.11369500
16.09517161
16.10723206
16.14289317
16.11932989
16.13833578
16.08821506
16.12602661
16.07442661
16.08004344
16.08379644
16.08471422
16.07902656
16.08316433
16.08693339
16.06525172
16.12099650
16.10198561
16.17388228
16.10939772
16.13472328
16.15738733
16.14043028
16.16699539
16.11296100
16.07644706
