19.18250516
17.33600847
17.25785247
17.30807363
17.23393221
17.22858079
17.26843447
17.21467174
17.36334947
17.26955137
17.22715147
17.25683437
17.30724411
17.31120926
17.35120063
17.38575916
17.34396874
17.32485989
17.33778279
17.30571711
17.33444779
17.34397279
17.25014689
17.29367437
17.30532674
17.27973121
17.28611637
17.31993547
17.26514021
17.26467079
17.25786658
17.26212363
17.31296937
17.29554847
17.28317174
17.29004437
17.28640753
17.23640316
17.31666937
17.27119221
17.20906884
17.27071768
17.21806389
17.25057147
17.28428374
17.28479395
17.32922626
17.34506211
17.32536116
17.32487689
17.32544584
17.33008563
17.30862137
17.35862911
17.27394500
17.27341279
17.26504421
17.22500305
17.26145937
17.25304253
17.22640700
17.21091568
17.26798563
17.23975974
17.29084432
17.36946153
17.28205153
17.30972584
17.24617158
17.22249211
17.29921979
17.22609832
17.22300395
17.32488563
17.22185089
17.25061858
17.26826337
17.21041984
17.27689616
17.33222574
17.34740784
17.22718947
17.29284489
17.28646900
17.29547789
17.29919616
22.30278258
17.28980947
17.25755905
17.21478911
17.28963284
17.30089074
17.23880689
17.24845079
17.27359232
17.23460147
17.27019532
17.28613979
17.26329621
17.34041553
17.25594326
17.21518500
17.23671753
17.40592532
17.21065542
17.29957195
17.25307942
17.26743111
17.27978216
17.32948758
17.38886247
17.42396784
17.33963300
17.29873695
17.35476258
17.35381032
17.33675289
17.34686758
17.29806205
17.32708479
17.29033295
17.25629721
17.30461716
17.36263321
17.25722789
17.28370084
17.31299495
17.22441816
17.26320347
17.27999584
17.28713132
17.33992126
17.34213100
17.21015268
17.25261616
17.26845689
17.24289174
17.26229542
17.22078126
17.25223011
17.31649795
17.30179847
17.35434079
17.42117847
17.35448532
17.35978989
17.36245111
17.29414032
17.29555779
17.29235079
17.24217895
17.23873321
17.29629647
17.20659300
17.26939911
17.30574605
17.24880237
17.27863347
17.28626800
17.20100132
17.29166811
18.64101253
18.19972911
17.36704716
17.28691116
17.25088389
17.30233526
17.29461742
17.26587947
17.33323132
17.27473153
17.30020979
17.37000989
17.41069484
17.34546247
17.38984542
17.32024463
17.31700853
17.37075663
17.30947426
17.34582084
17.50215511
17.33079711
17.32235847
17.26963053
17.22863274
17.24175905
17.24600747
17.22645574
17.23905258
17.28079653
17.24717616
17.26584579
17.28846474
17.28906495
17.31690789
17.25106779
17.20616321
17.23555263
17.20692700
17.21663026
17.27625911
17.23396142
17.28013432
17.24437316
17.26954516
17.31065679
17.36715147
17.28081111
17.28550137
17.31478242
17.26826500
17.27806558
17.28730695
17.28777879
17.27400779
17.32149189
17.23434626
17.24520626
17.32536547
17.25440468
17.29714063
17.28753632
17.27170879
17.31667184
17.32663268
17.30382389
17.33766047
17.27678758
17.22835442
17.31066942
17.26968637
17.23928063
17.31484668
17.26366979
17.28405732
17.36833932
17.34428884
17.33741100
17.49791721
17.36581158
17.34870489
17.39467379
17.40051374
17.39786068
17.40866179
17.32795616
17.33197600
17.31177963
17.26844332
17.31327700
17.38444858
17.27128747
17.26297400
17.29933363
17.32985758
17.26176026
17.28376326
17.28071305
17.27556358
17.26356474
17.20908979
17.25548532
17.25534605
17.18298247
17.26520805
17.27124116
17.28318121
17.31597616
17.33786189
17.30539205
17.38831100
17.36656368
17.34793700
17.39640963
17.33902563
17.33297958
17.36279553
17.30050316
17.32288995
17.35566900
17.33117789
17.32858411
17.29708142
17.25510405
17.27679695
17.28535921
17.24543274
17.29248768
17.33932079
17.33002047
17.39917832
17.29676132
17.26608232
17.29734863
17.26315926
17.31278274
17.34748626
17.28120737
17.34254416
17.37337395
17.33729616
17.36293663
17.33053079
17.31010847
17.31622405
17.35219963
17.29713632
17.31652142
17.31984489
17.24759737
17.28007974
17.24594211
17.18153037
17.20756368
17.25878868
17.19438637
17.29182153
17.27377574
17.24593200
17.28404347
17.24821284
17.21324358
17.29008774
17.23406442
17.22205132
17.24011989
17.26332663
17.21908847
17.26189253
17.21671142
17.26520905
17.35251747
17.25884805
17.29743874
17.36371158
17.34364758
17.31384100
17.36252968
17.34029437
17.32263284
17.34421474
17.25183995
17.30535237
17.28371332
17.24902011
17.28204611
17.32337558
17.24789105
17.29527305
17.28829289
17.27102026
17.28762384
17.27661405
17.38575100
17.30329358
17.22335100
17.23801753
17.25786111
17.25799189
17.20945258
17.27850758
17.20096168
17.26387711
17.31911653
17.29705047
17.27949495
17.36416326
17.30427337
17.31579911
17.34561584
17.35492253
17.30907958
17.33751437
17.24927237
17.27691468
17.24861316
17.20236111
17.24231737
17.26049189
17.17784068
17.23443137
17.23995032
17.21837821
17.19092658
17.25792284
17.28677879
17.32780963
17.27611821
17.21687584
17.28363658
17.27461889
17.24679516
17.24728216
17.16850163
17.28280684
17.24409463
17.24854847
17.28745168
17.37315374
17.29744442
17.30495095
17.32439121
17.29345111
17.29646326
17.30127784
17.22120242
17.26967574
17.27141068
17.24888995
17.28108937
17.30140879
17.33251705
17.30790337
17.30367521
17.27432663
17.27342221
17.30996332
17.29092753
17.32005774
17.31200789
17.22596405
17.25907400
17.26040826
17.20529158
17.32464053
17.22906221
17.24995016
17.40707521
17.33458284
17.31312942
17.36005800
17.39242300
17.34510311
17.38314553
17.37512263
17.35926663
17.32829321
17.25109779
17.25480479
17.29990232
17.28807874
17.27542647
17.27080426
17.20947811
17.27125653
17.27678842
17.27078026
17.26727137
17.24670368
19.70423147
17.37428063
17.24400968
17.20185395
17.25340016
17.21074258
17.20599600
17.23722911
17.20690311
17.25689579
17.22653247
17.26251695
17.29206079
17.35048521
17.28056147
17.26887074
17.30828321
17.24754416
17.25932663
17.27330547
17.33187384
17.30912563
17.29818584
17.22753053
17.27898963
17.27862763
17.23584984
17.22345074
17.28078953
17.22703989
17.25839447
17.25310189
17.28683189
17.28168026
17.28423100
17.18731237
17.24604221
17.22896379
17.24710821
17.26251000
17.21164042
17.24327316
17.32236800
17.30944232
17.31480153
17.32923853
17.31633216
17.28373321
17.33955905
17.30155768
17.30836953
17.35676653
17.32350342
17.30455884
17.25809284
17.21022511
17.28788021
17.25886463
17.22204895
17.28685984
17.25326105
17.25406279
17.23034200
17.25846095
17.24974700
17.29469242
17.24910811
17.19670063
17.25160226
17.22364516
17.19576821
17.22465563
17.20799363
17.23969711
17.31367195
17.32007905
17.28226126
17.31018426
17.39989179
17.31333000
17.32075332
17.28535974
17.37077989
17.31693537
17.25065658
17.32602689
17.30798332
17.21188358
17.28742184
17.30655011
17.24947605
17.30227074
17.31025416
17.21374837
17.32818816
17.28449105
17.24590563
17.31520389
17.25499121
17.28167442
17.25360979
17.26232800
17.20607968
17.30065847
17.21534000
17.27509726
17.33379658
17.24284079
17.28817042
17.34832737
17.21532258
17.26686816
17.29343195
17.28555511
17.24217116
17.31244268
17.26488684
17.26873211
17.22007337
17.18357211
17.23900505
17.25479689
17.18889689
17.27188337
17.24084700
17.24111958
17.25903274
17.28077174
17.26135389
17.33733347
17.20727289
17.22161589
17.21071268
17.23217537
17.20279595
17.25876442
17.31117779
17.21914495
17.28368837
17.31056047
17.27508358
17.35886616
17.26083516
17.28684695
17.29133268
17.28552389
17.29432711
17.27744147
17.24864242
17.22224974
17.24931947
17.19682384
17.28622663
17.29185495
17.22197832
17.20285058
17.27529395
17.23720705
17.25515958
17.26300558
17.26916774
17.28043721
17.23668311
17.23373721
17.24061216
17.21434921
17.25869184
17.27388447
17.23262211
17.25754684
17.31094389
17.31406179
17.33465132
17.35616368
17.32513642
17.33145368
17.31599721
17.31755689
17.31449426
17.36827995
17.30508305
17.28999926
17.29149837
17.22410174
17.23253858
17.21444189
17.20073353
17.23458068
17.23728368
17.20258621
17.28308279
17.24265058
17.26162463
17.39594411
17.21346311
17.19223605
17.22182442
17.23711653
17.19192411
17.28233189
17.24639005
17.23678732
17.20576200
17.21159563
17.22599426
17.33104216
17.29774295
17.27953947
17.34265421
17.28252437
17.27460700
17.30169653
17.24082500
17.26803842
17.24186316
17.28962374
17.28786084
17.29023358
17.19883921
17.29091226
17.29507374
17.27252942
17.31259184
17.27736547
17.27099968
17.33787768
17.22570947
17.20053616
17.29807847
17.25205958
17.23685342
17.43916547
17.25633389
17.27497516
17.28219026
17.31072695
17.33453105
17.33296105
17.38094421
17.34702432
17.35573263
17.31961837
17.33803705
17.33264858
17.28636679
17.37703868
17.27109832
17.22130789
17.26807595
17.27507516
17.20873095
17.31606953
17.25713663
17.24369047
17.23136384
17.22661268
17.24226842
17.29717016
17.22913537
17.23018863
17.25029795
17.18190289
17.20581279
17.28760600
17.25104142
17.25724300
17.28002868
17.31588132
17.26507189
17.34745674
17.27821474
17.27751974
17.32864711
17.28016353
17.27745389
17.34339237
17.22104074
17.26866184
17.25033079
17.22819389
17.27594416
17.27403774
17.21838774
17.26289195
17.23931289
17.20817679
17.24570642
17.26516716
17.28902358
17.47166700
17.33662342
17.30113653
17.34049926
17.28826189
17.25075084
17.30199253
17.27100011
17.33375489
17.38960484
17.36613437
17.35310989
17.41582337
17.28017932
17.27834047
17.35242621
17.33372689
17.32774995
17.36672911
17.31176916
17.37817105
17.28282679
17.23332353
17.27619284
17.29245237
17.22627674
17.25985426
17.27518195
17.23457705
17.26368295
17.23817821
17.26802184
17.29399247
17.22487216
17.20636784
17.21247321
17.23829268
17.24000384
17.29574495
17.28232905
17.26429437
17.33669921
17.32738295
17.33762363
17.34873116
17.80180568
17.30998374
17.29774811
17.29323689
17.28431600
17.27893963
17.23477247
17.27935047
17.24607484
17.18160605
17.25795742
17.32470484
17.30633926
17.30482921
17.29766405
17.21338600
17.30792695
17.26478095
17.28528847
17.33019811
17.26201611
17.19755532
17.24875789
17.26286853
17.21330879
17.24861568
17.23798984
17.30654874
17.30619489
17.28078116
17.31922721
17.36627258
17.33161963
17.41493532
17.36229595
17.33827332
17.30577295
17.35979921
17.26511684
17.29854621
17.27613921
17.20639442
17.24764616
17.26633647
17.22966300
17.23815447
17.26598400
17.24970363
17.24291153
17.29731268
17.26807184
17.33478205
17.19443542
17.18194758
17.22027279
17.21769921
17.21461474
17.26951789
17.23266932
17.24852053
17.32217689
17.31931005
17.34168226
17.35101300
17.28836689
17.27398637
17.35963732
17.30386505
17.28463500
17.31029626
17.24871042
17.27781084
17.19929258
17.18177553
17.20682726
17.26793958
17.19850289
17.22327547
17.25879111
17.19653605
17.28220168
17.23523442
17.24290311
17.28888474
17.24234100
17.23658289
17.23208911
17.26925726
17.21523132
17.49022863
17.23483068
17.34057432
17.32984079
17.28537111
17.27566568
17.33271774
17.31657595
17.32542289
17.36620884
17.34812158
17.35310858
17.39378568
17.31086942
17.30824711
17.28877589
17.22641295
17.30604084
17.30188195
17.25209153
17.27826537
17.29954537
17.26285211
17.27975026
17.30062874
17.27033679
17.31817179
17.29330668
17.23150968
17.30389684
17.24404795
17.24501584
17.32633553
17.25333432
17.22406721
17.23432342
17.31081226
17.31757716
17.34187884
17.30181105
17.25265284
17.29088768
17.31586553
17.28156432
17.31293158
17.22846642
17.28036416
17.25470242
17.22438721
17.29144721
17.29025558
17.21497379
17.29203626
17.22351226
17.24668658
17.28080605
17.29656268
17.28682389
17.33666563
17.26355126
17.32118926
17.22679689
17.26669747
17.23672021
17.26669789
17.20874568
17.24286484
17.30318758
17.25351237
17.26992763
17.34414421
17.29639353
17.27135868
17.33804516
17.32665342
17.28235458
17.33553558
17.28381321
17.30404684
17.29357200
17.21318611
17.25923389
17.25290626
17.20937511
17.25008453
17.25648558
17.23844142
17.24121121
17.23945484
17.25041405
17.28647637
17.23460479
17.23460168
17.29244421
17.24847926
17.19119111
17.27506979
17.21319647
17.25595458
17.26252695
17.26128505
17.25721305
17.37346547
17.33952616
17.31629795
17.39215953
17.32966305
17.32819721
17.36538226
17.27729853
17.31454358
17.26416247
17.23196589
18.57877532
17.34385432
17.47499858
17.33553095
17.26824863
17.37191058
17.25737258
17.24497968
17.25796405
17.33104937
17.25018242
17.19687174
17.25276384
17.23236458
