1.85003700
0.77889150
0.76075650
0.76312100
0.69369850
0.70274650
0.69880350
0.70079900
0.70245250
0.70430000
0.69918700
0.72260100
0.71742650
0.71515500
0.71031700
0.71704450
0.71945550
0.70930200
0.71574850
0.71348550
0.71417800
0.71342500
0.71597100
0.71745850
0.71107000
0.71485650
0.71658200
0.71403150
0.70980200
0.71395250
0.71559550
0.70932200
0.72049900
0.71538000
0.71703000
0.71243750
0.71494200
0.71884850
0.71915200
0.71804550
0.71795600
0.72345500
0.71438450
0.71836100
0.71994750
0.72171300
0.71851450
0.72263450
0.72444050
0.71849850
0.74163700
0.71356200
0.71517850
0.70396450
0.71086000
0.71585100
0.70487000
0.70254150
0.70921950
0.70290900
0.69774200
0.69728500
0.69639700
0.69738650
0.69922700
0.69553650
0.69796250
0.69917050
0.69791950
0.70463950
0.70111600
0.70387250
0.70605200
0.70071150
0.70995450
0.71157100
0.71484400
0.70894000
0.71420500
0.71731000
0.71106800
0.71248400
0.71537400
0.71340950
0.70947500
0.71511250
0.71523500
0.71055200
0.71457150
0.72097850
0.72202800
0.71198700
0.71731050
0.71595100
0.71523900
0.71585800
0.71694350
0.71791250
0.71630000
0.71967850
0.71858250
0.71454800
0.71822100
0.71604000
0.71684550
0.71483950
0.71867050
0.71592750
0.71414700
0.72252950
0.71821150
0.71716100
0.71929300
0.71935400
0.72000800
0.71427350
0.71175550
0.70606950
0.71164600
0.71395750
0.71344250
0.70406350
0.70590150
0.70058700
0.70005350
0.69781500
0.69779000
0.70276700
0.70271850
0.69357800
0.70054850
0.70138550
0.70132750
0.69802950
0.70637450
0.70877900
0.70271300
0.70420650
0.71026350
0.70753450
0.71638500
0.71381450
0.71789350
0.71101400
0.71599300
0.71369050
0.71425400
0.71256700
0.71396300
0.71574000
0.71209950
0.71140000
0.71407750
0.71422150
0.71617600
0.71122800
0.71572600
0.70976100
0.71896700
0.71446600
0.71504050
0.71377750
0.71670900
0.71726500
0.71266300
0.71739200
0.71743750
0.72107450
0.71461800
0.72001550
0.71514100
0.71431900
0.71898350
0.71940500
0.72045000
0.71593150
0.72097550
0.72213900
0.71443400
0.71326200
0.71393150
0.70821550
0.70800600
0.71805850
0.71477000
0.70188400
0.70738850
0.70366950
0.69974050
0.69482000
0.70175500
0.70376500
0.69851900
0.69617650
0.70080800
0.69431900
0.70347250
0.70458550
0.70678950
0.70155100
0.70524450
0.70481550
0.70485150
0.70960300
0.71848200
0.71745850
0.71606850
0.71334100
0.71651600
0.70800000
0.71806350
0.71636550
0.71526700
0.71067400
0.71334500
0.71433450
0.71074750
0.71895650
0.71857550
0.71386800
0.71262750
0.71520100
0.71712050
0.71103800
0.71497500
0.71595450
0.71673250
0.71383050
0.71408100
0.71764950
0.71640950
0.72076150
0.71882900
0.71785100
0.71460500
0.71736650
0.71967050
0.71749400
0.72076350
0.71917150
0.71986700
0.71729400
0.72100350
0.71695200
0.71546400
0.70338600
0.71329750
0.71835300
0.71383100
0.70269150
0.70907100
0.70102250
0.69914250
0.69695000
0.69900950
0.69832400
0.70344500
0.69243950
0.69617800
0.69875550
0.69828150
0.69876400
0.70469300
0.70665300
0.70830600
0.70214950
0.70789700
0.71440000
0.71283000
0.71505750
0.71842050
0.71454900
0.70907150
0.71389750
0.71581800
0.70922400
0.71258250
0.71610700
0.71527550
0.70970100
0.71711200
0.71592500
0.71264100
0.71178950
0.71626350
0.71271100
0.71022700
0.71533500
0.71561950
0.71253250
0.71814850
0.71983200
0.71707300
0.71591300
0.71529050
0.72169500
0.71331900
0.71869700
0.71553350
0.71844650
0.71268000
0.71810500
0.71741800
0.71815550
0.71227700
0.71552350
0.71253300
0.70667950
0.71164650
0.70603700
0.71185600
0.70798150
0.70768300
0.70174300
0.69582750
0.69768700
0.69784700
0.68764250
0.69478200
0.69489850
0.69121500
0.68998350
0.69241200
0.69684600
0.69675300
0.70289750
0.70422300
0.69874400
0.70405250
0.70374950
0.70479900
0.69871050
0.70364750
0.70057700
0.70040050
0.70690900
0.70776450
0.70269750
0.70677650
0.71078800
0.70971000
0.70665150
0.71392800
0.71080750
0.70920200
0.71366100
0.70864600
0.70812200
0.70906100
0.71120900
0.71178700
0.70770150
0.71214900
0.71024200
0.71040550
0.71164650
0.71595250
0.71930650
0.71187150
0.71428250
0.71362200
0.71523050
0.71104050
0.71482850
0.71300800
0.71582300
0.71983350
0.71537400
0.71498000
0.71345550
0.71542500
0.70901500
0.70685050
0.70736050
0.71479100
0.71775450
0.71167800
0.70533800
0.70602800
0.70221600
0.70259100
0.69288050
0.69503250
0.70265800
0.70059750
0.69682500
0.69868350
0.70167750
0.70134100
0.70338000
0.70771050
0.70896550
0.70747650
0.70027200
0.71049850
0.71321100
0.71297950
0.71775800
0.71775400
0.71979600
0.71101650
0.71332050
0.71626150
0.71099200
0.71446250
0.71603900
0.71280000
0.70889750
0.71141550
0.71684600
0.71334650
0.71469000
0.71621950
0.71523450
0.71378600
0.71806900
0.72081350
0.71662600
0.71863150
0.71564650
0.71909750
0.71575200
0.71704900
0.71993800
0.71148250
0.72147200
0.71375900
0.71729950
0.71790050
0.72264100
0.72198850
0.71759950
0.72170600
0.72110650
0.72066350
0.70952550
0.71462400
0.70499400
0.71086700
0.71717900
0.71553400
0.70142800
0.70265000
0.70019100
0.70143900
0.69569600
0.69850400
0.70052500
0.70267700
0.69161500
0.69652900
0.69820000
0.69881450
0.70423800
0.70372750
0.70188100
0.70513450
0.70307100
0.70873750
0.70968250
0.71327650
0.71455050
0.71073400
0.71230250
0.71200650
0.71181600
0.71331950
0.71342750
0.71273800
0.71412750
0.71781050
0.71405950
0.71240550
0.71753950
0.71738850
0.71452900
0.70760800
0.71289700
0.71847150
0.71769550
0.71238250
0.72102400
0.71476150
0.71648900
0.71660550
0.71647250
0.71561050
0.71333050
0.71718350
0.71720050
0.71144650
0.72323600
0.71674850
0.71990800
0.71919950
0.72087900
0.72274650
0.72151400
0.71598150
0.71399000
0.71136100
0.70385250
0.71447800
0.71620150
0.71337650
0.69987950
0.70486150
0.70452050
0.69520200
0.69567750
0.69801350
0.69805800
0.69848500
0.69463850
0.69991700
0.69396550
0.70219900
0.70271800
0.70088750
0.70691650
0.70720850
0.70161000
0.71028400
0.71355850
0.71514550
0.71044750
0.71800600
0.71269350
0.71209000
0.71500000
0.71761250
0.71496400
0.70879200
0.71605300
0.71652650
0.71106250
0.71259150
0.71636900
0.72004200
0.70833900
0.71890400
0.71013750
0.71226950
0.71369600
0.71693350
0.71574250
0.70969500
0.71684750
0.71751400
0.71556000
0.71754400
0.71779150
0.71816750
0.71750550
0.71596650
0.71930250
0.72159350
0.71804600
0.72033650
0.71995300
0.72109350
0.72410950
0.71873450
0.71374950
0.71246500
0.70768100
0.71618150
0.71285700
0.71172250
0.70416000
0.70824350
0.70009550
0.70300300
0.70090450
0.69585400
0.70332100
0.70015050
0.69062600
0.69677350
0.70054150
0.69880500
0.69913750
0.70098300
0.70845200
0.70397800
0.70196050
0.70954750
0.71409550
0.70935250
0.71758200
0.71862350
0.71300900
0.71400250
0.71231200
0.71451750
0.71098250
0.71517250
0.71453950
0.71290750
0.71025950
0.71354300
0.71709500
0.71294350
0.71780500
0.71149150
0.71004500
0.71621350
0.71300750
0.71768800
0.71419000
0.71706500
0.71657650
0.71049250
0.72105350
0.72096650
0.71866100
0.71211700
0.71809700
0.71497800
0.71689000
0.71945450
0.71897250
0.72145200
0.71730950
0.71546350
0.72035150
0.71448200
0.71570850
0.71686950
0.71067300
0.71017150
0.71902350
0.71475200
0.70109850
0.70460200
0.70478800
0.70087300
0.69430050
0.70058300
0.70105600
0.69650050
0.69504150
0.69996700
0.69772300
0.70143200
0.70571050
0.70362350
0.70607250
0.70631500
0.70484650
0.70608450
0.71050900
0.71535800
0.71364400
0.71368600
0.71695850
0.71670000
0.70969900
0.71787750
0.71629150
0.71545550
0.71206850
0.71333350
0.71573400
0.70893250
0.71828050
0.71440300
0.71273900
0.70996950
0.71286150
0.71428300
0.70933200
0.72044300
0.71659700
0.71704100
0.71161450
0.71507600
0.71871700
0.71713300
0.72224100
0.71869550
0.72181850
0.71311050
0.71979950
0.71787300
0.72102950
0.71777550
0.72338000
0.72144750
0.71731100
0.72109600
0.71394950
0.71616150
0.70330400
0.71513300
0.72122800
0.71666700
0.70675800
0.70755700
0.70324900
0.69903500
0.69821500
0.69963050
0.69724550
0.70272350
0.69550700
0.69753250
0.70067000
0.70116900
0.70424700
0.70117700
0.70355900
0.70340750
0.70100300
0.70778050
0.71272300
0.71127000
0.71364150
0.71646750
0.71691100
0.71103400
0.71097050
0.71601150
0.71153500
0.71274600
0.71376600
0.71593150
0.71029200
0.71145700
0.71753750
0.71509550
0.70952150
0.71445400
0.71163300
0.70898500
0.71714100
0.71511350
0.71640650
0.71087200
0.71719150
0.71209850
0.71700950
0.71805850
0.71939350
0.71935400
0.71780950
0.71894700
0.72333150
0.71827050
0.71905150
0.71928050
0.72214650
0.71666800
0.72020250
0.71741700
0.71294050
0.71851650
0.70760450
0.71895100
0.71525050
0.71875800
0.70868000
0.70431050
0.70493150
0.70138600
0.70082650
0.69555400
0.70401500
0.70415800
0.69406300
0.69986900
0.69945600
0.69634200
0.70417050
0.70515650
0.70455750
0.70325250
0.70950500
0.70959350
0.71019400
0.71816850
0.71580750
0.71669300
0.71038650
0.71261750
0.71474000
0.71280050
0.71472750
0.71583000
0.71847700
0.71089950
0.71474100
0.71527550
0.71599100
0.71628700
0.71298000
0.71185150
0.71343150
0.71422150
0.71656650
0.71348150
0.72039200
0.72198700
0.71620900
0.71361300
0.72196200
0.71794700
0.72227950
0.71176800
0.72208400
0.71526300
0.71623450
0.72028300
0.72166800
0.72071650
0.71601550
0.72281050
0.72260700
0.71533050
0.71506550
0.71725300
0.70973400
0.71270350
0.71955950
0.71628150
0.70344750
0.71183350
0.70682250
0.70524000
0.69912250
0.70353000
0.70504700
0.70070950
0.69724600
0.70178850
0.69716250
0.70070050
0.70100550
0.70291600
0.70333750
0.70697700
0.70428200
0.70707950
0.71289750
0.71482400
0.71351600
0.71663850
0.71658950
0.71152100
0.70902250
0.71615700
0.71286800
0.71342400
0.71175200
0.71455050
0.71457750
0.71201650
0.71841200
0.72114500
0.71811600
0.71215000
0.71533100
0.71827200
0.71262650
0.71735050
0.71917750
0.71756650
0.71319000
0.71544700
0.71774400
0.71739700
0.72141500
0.72110300
0.72147950
0.71267100
0.72463900
0.71708100
0.72085700
0.71604350
0.71828200
0.72104600
0.72054200
0.71990350
0.71279100
0.71591350
0.70823900
0.71616450
0.71633050
0.71328950
0.70721850
0.70485900
0.70206800
0.69877200
0.69910500
0.69950800
0.70056700
0.70281300
0.69648700
0.69770450
0.69401700
0.69876200
0.70405050
0.69918300
0.70689800
0.70741400
0.69937650
0.71033250
0.71279250
0.71037550
0.71535750
0.71835850
0.71304500
0.71027950
0.71262700
0.71508450
0.71425550
0.70873350
0.71399000
0.71793450
0.70800750
0.71529700
0.71767000
0.71721900
0.71103100
0.71278650
0.71476150
0.71462250
0.71747750
0.71009750
0.71600400
0.71257750
0.72068100
0.71360300
0.71774550
0.71842500
0.71703150
0.71600700
0.71436250
0.71330650
0.72015650
0.71259900
0.72079050
0.72204600
0.72031550
0.72253250
0.72390650
0.72093900
0.71201300
0.71692800
0.70737400
0.71786400
0.71546550
0.71009050
0.70557650
0.70641150
0.70676150
0.70328050
0.69585300
0.69635250
0.69820100
0.70216350
0.69069000
0.69810050
0.69980250
0.69956100
0.70602800
0.70371650
0.70638800
0.70390300
0.70813850
0.70906900
0.70903200
0.71651050
0.71100000
0.71629650
0.71072750
0.71261600
0.71447150
0.71185400
0.71778200
0.71331200
0.71591750
0.71005750
0.71774800
0.71423850
0.71364150
0.71425700
0.71765250
0.71741550
0.70874150
0.71783450
0.71491950
0.71225500
0.71682500
0.71805000
0.71471950
0.71150600
0.71507950
0.71616650
0.71451950
