20.44724200
17.94221090
17.90047180
17.82308485
17.74675965
17.82129185
17.74081540
17.81189745
17.74183580
17.81172350
17.80716965
17.81696050
17.75278630
17.84238425
17.80561945
17.82751085
17.75688415
17.82064490
17.74595085
17.81299515
17.76361085
17.82080630
17.75481945
17.77996775
17.72416560
17.89897770
17.77352030
17.82447850
17.78075915
17.82270040
17.76141425
17.80332755
17.75353665
17.81777010
17.75139175
17.80181160
17.72961810
17.79687220
17.75470195
17.82754090
17.77172235
17.81325525
17.79722845
17.85435880
17.81282930
17.87669060
17.81959130
17.82504685
17.79003515
17.84809645
17.79570910
17.87505180
17.78908750
17.89795355
17.82845575
17.87458660
17.80707635
17.84395010
17.75084015
17.81472355
17.74572090
17.84732810
17.78618440
17.84775735
17.88175220
17.79416610
17.79358110
17.81147260
17.75288845
17.78963065
17.71873325
17.80381955
17.74725035
17.81056900
17.74957700
17.81447505
17.78034080
17.83800780
17.80185600
17.89779890
17.81616965
17.87197770
17.78096900
17.85976430
17.77959555
17.84954360
17.78822115
17.83273125
17.78303375
17.90078095
17.83415980
17.86396405
17.82420570
17.88244130
17.78925310
17.82485690
17.77469085
17.81938785
17.77604955
17.79709205
17.74695080
17.83264820
17.77999170
17.84753895
17.75508105
17.81596870
17.78273135
17.84316470
17.76974820
17.85615195
17.79395630
17.88240710
17.79706800
17.86728200
17.78759050
17.84206370
17.79562675
17.88184195
17.78609580
17.86819725
17.78615755
17.97582360
17.77621370
17.83433275
17.73267560
17.85579200
17.75869480
17.79510385
17.83756835
17.86328765
17.80834395
17.82736180
17.74725105
17.80405685
17.72890400
17.82838520
17.72840610
17.83028790
17.76557270
17.84002835
17.74513915
17.83052670
17.79747935
17.86269360
17.76857645
17.82809535
17.76680305
17.83614125
17.78284365
17.82448100
17.73159960
17.82092845
17.74287160
17.81853375
17.77140620
17.83100740
17.78187100
17.80058670
17.74793445
17.76707270
17.80319375
17.81933315
17.76759300
17.78902115
17.72172150
17.80900655
17.76489640
17.83780160
17.74326375
17.83484865
17.80004045
17.87544195
17.79851345
17.88396190
17.81876535
17.88929590
17.81459230
17.88602815
17.81439990
18.01051015
17.80588140
17.88270440
17.81793730
17.86822920
17.81014995
17.83013595
17.76997005
17.82349420
17.75156770
17.82371570
17.79214270
17.87732170
17.79381555
17.86835760
17.79581625
17.82390090
17.75920605
17.79591425
17.73002975
17.78140790
17.77329480
17.82908690
17.74647935
17.81199505
17.75452910
17.84151700
17.80900980
17.86498015
17.77826395
17.80717890
17.91295385
17.82586240
17.73786255
17.80821390
17.76720835
17.86275985
17.76865190
17.84771545
17.79721475
17.89287130
17.78087275
17.84171430
17.79158510
17.81775990
17.78601440
17.86792705
17.81064575
17.82152415
17.79108630
17.85484205
17.78093805
17.82248585
17.76863795
17.83002055
17.77900800
17.82045560
17.81732740
17.84084685
17.78473290
17.83580030
17.76149210
17.85539530
17.76543300
17.83751600
17.79013370
17.85218995
17.76881665
17.88153430
17.78481470
17.82113740
17.74603650
17.80959400
17.76378565
17.82664140
17.82052495
17.83460045
17.78312380
17.88277740
17.79278485
17.82095315
17.74416695
17.82865580
17.75005300
17.81951320
17.74505710
18.08542280
22.18165225
17.88216415
17.75976925
17.83045715
17.81093985
17.87386635
17.76613045
17.84598400
17.77424870
17.83886740
17.82732655
17.81841310
17.75654715
17.85868095
17.78615280
17.83501980
17.80110210
17.84456540
17.79667090
17.86000955
17.77033365
17.84011725
17.79290010
17.84643770
17.82347895
17.82131300
17.79587965
17.82070335
17.77717585
17.83522495
17.80997635
17.81686725
17.78974765
17.84747915
17.83459860
17.84612615
17.77037600
17.87655830
17.78145880
17.87979520
17.78785405
17.88577165
17.79814575
17.84902285
17.79948675
17.83890925
17.75640155
17.81503440
17.74169350
17.79397925
17.77023940
17.83349825
17.79366545
17.85593550
17.81703880
17.82904515
17.77559905
17.82380655
17.72069845
17.77454735
17.76302795
17.81238070
17.75280935
17.83437230
17.76649655
17.82723085
17.77351290
17.82808255
17.81862050
17.85874510
17.77655010
17.83336165
17.75811945
17.83237895
17.79084420
17.83003840
17.77233995
17.82819560
17.77743130
17.83791955
17.78644665
17.85640540
17.74502635
17.85268865
17.74924340
17.84114510
17.79515545
17.82964290
17.76702180
17.78813915
17.73767160
17.79488515
17.79169060
17.81980430
17.78485285
17.84986685
17.81492060
17.83245655
17.79315655
17.86273850
17.80040835
17.87511915
17.79845040
17.84554105
17.80533820
17.89374335
17.76513785
17.86524225
17.80362605
17.85907925
17.77537635
17.87249980
17.77356185
17.83287220
17.80308110
17.85216305
17.79718330
17.90397525
17.79827055
17.84542400
17.80716770
17.86465005
17.77179920
17.81314735
17.75242490
17.85616600
17.80836720
17.84236785
17.79169085
17.86448020
17.77768105
17.88415105
17.82832655
17.91373240
17.81875985
17.89446860
17.79245010
17.86109190
17.81397810
17.87407575
17.76884515
17.87335430
17.77647140
17.86383975
17.79494085
17.84197855
17.80632750
17.84817215
17.74925895
17.83216430
17.75276310
17.82248735
17.80270050
17.82431470
17.79053500
17.82037895
17.76159190
17.81830975
17.78850310
17.84514835
17.80624050
17.86401305
17.81707605
17.87934110
17.83805465
17.82791965
17.80941080
17.87710070
17.79709865
17.86595320
17.77617320
17.84369195
17.78416530
17.86687750
17.83502475
17.88129550
17.78358225
17.83896685
17.78263820
17.85084340
17.82735335
17.87206500
17.85869115
17.84989695
17.85978875
17.85187295
17.79632855
17.84906780
17.79117280
17.83519340
17.78164550
17.81315255
17.81344290
17.85981005
17.80372865
17.87223475
17.82417730
17.90820560
17.80963185
17.86635715
17.78514700
17.86360820
17.78896910
17.87252955
17.78909120
17.86754155
17.77608995
17.86848990
17.81595620
17.89067950
17.83328280
17.82867480
17.81102045
17.87328020
17.81283925
17.85937875
17.78699595
17.83573845
17.80417225
17.85966600
17.80779790
17.84683600
17.78076510
17.83202575
17.83569390
17.87000080
17.80696625
17.88469315
17.80743530
17.88963200
17.80980435
17.87732300
17.80868390
17.88566795
17.79933415
17.90306290
17.85928240
17.89173420
17.80006790
17.87349845
17.80012090
17.83478070
17.77332935
17.84740445
17.80013680
17.86481470
17.81388340
17.86057815
17.83285160
17.90064205
17.77888755
17.78001130
17.73059220
17.77982245
17.73452635
17.77845035
17.77346790
17.79952795
17.74210105
17.84996425
17.76584940
17.84973645
17.77382150
17.81748490
17.76226220
17.81467600
17.78074195
17.85494745
17.75179205
17.82280935
17.73095995
17.84623270
17.77158400
17.82630490
17.79134680
17.82714395
17.79448835
17.86640590
17.82360855
17.79605710
18.13628805
18.07258310
17.81111190
17.83573310
17.79305770
17.81145820
17.83968845
17.87657720
17.83785535
17.89297005
17.84549705
17.87943845
17.83786475
17.90519290
17.84174895
17.87151050
17.81287005
17.87902980
17.81109170
17.89045450
17.83570005
17.88450500
17.78611785
17.83270055
17.76228195
17.80994010
17.77093730
17.85813715
17.77434500
17.82926370
17.79052075
17.81648135
17.77784400
17.80353755
17.75219165
17.81252365
17.75011230
17.80595400
17.73787035
17.80066805
17.76688795
17.80331325
17.74066355
17.83858220
17.82145695
17.90416210
17.78533995
17.83828190
17.74555870
17.79560720
17.75389030
17.80954285
17.74453890
17.81110510
17.73994835
17.84323710
17.78547730
17.86756740
17.78981950
17.83538050
17.78863890
17.83774855
17.77299455
17.82997230
17.77108600
17.80903480
17.80010295
17.84387365
17.79067930
17.87136925
17.76112190
17.84888530
17.77438565
17.87880810
17.76768590
17.91974490
17.80843770
17.87548250
17.78423000
17.84020775
17.75149065
17.84488865
17.78283125
17.82471930
17.80374215
17.84529270
17.76276650
17.82945840
17.74461875
17.80085360
17.74567845
17.81455005
17.76018275
17.79942405
17.78941335
17.79548785
17.75665555
17.79054475
17.72614695
17.81378915
17.74779890
17.80699535
17.74719460
17.79823545
17.75844065
17.82470620
17.78155955
17.83193435
17.79647705
17.84064550
17.77806610
17.84839525
17.73565300
17.83280625
17.76224250
17.81716820
17.74235175
17.82217190
17.75160200
17.85473875
17.79470350
17.86515890
17.78280335
17.83438170
17.77375975
17.82991415
17.79375455
17.84366465
17.77314445
17.79857845
17.75335305
17.83386760
17.79747960
17.85719100
17.76756445
17.87010115
17.77140725
17.84392310
17.78323670
17.88068745
17.77297680
17.85216525
17.84187685
17.87482610
17.81015865
17.86738480
17.82386045
17.87563335
17.82221065
17.92217555
17.85608745
17.84321185
17.79371620
17.82806280
17.77618430
17.80285215
17.76865135
17.83027745
17.81248690
17.87245315
17.78847200
17.81867280
17.76517885
17.82186055
17.73856320
17.81975480
17.74360245
17.76971850
17.75072930
17.79493695
17.76804655
17.84128510
17.79834160
17.83079770
17.77287555
17.82417260
17.74349475
17.82308845
17.75006100
17.82597940
17.74536885
17.83444650
17.76994975
17.85034580
17.77155480
17.87453630
17.79111560
17.81238195
17.77044095
17.81547345
17.76714215
17.80414850
17.75369355
17.79955590
17.72971720
17.82240015
17.78116780
17.82186470
17.73370815
17.82202440
17.77794440
17.84216485
17.77724285
17.82135275
17.79563215
17.83308550
17.80660810
17.87483185
17.80760410
17.86368745
17.75197225
17.82678600
17.77571270
17.90141305
17.76064810
17.82893100
17.75636520
17.83700910
17.75973285
17.82770530
17.76595050
17.84366245
17.78418205
17.82232220
17.75358950
17.98445250
17.71950575
17.78333240
17.72506780
17.83128705
17.75414640
17.81991820
17.77065735
17.82988845
17.74366285
17.80481575
17.80508765
17.88300285
17.76186595
17.86170010
17.73450385
17.82297095
17.78094640
17.80453765
17.76781525
17.80226525
17.72190860
17.83982600
17.76959750
17.84128505
17.78318970
17.81889855
17.75158825
17.77373250
17.76057745
17.81861400
17.76682340
17.79007200
17.78191770
17.80750190
17.77086800
17.83400030
17.76540450
17.81630190
17.75736920
17.83660210
17.76757445
17.82127465
17.80204920
17.83614160
17.74845840
17.85356425
17.76436525
17.82593380
17.74141180
17.82482720
17.77655945
17.86966075
17.78298980
17.82572590
17.74987040
18.00955510
17.82810410
17.87347585
17.77903740
17.88006175
17.82666815
17.84888535
17.80689425
17.83193785
17.76523920
17.80269445
17.77396755
17.80572800
17.77228780
17.84618540
17.78197705
17.83395960
17.77090405
17.84850685
17.85152290
17.91883245
17.82784845
17.83837850
17.78600200
17.84098950
17.83356655
17.84834990
17.76864685
17.82256155
17.74861290
17.88940960
17.80111035
17.85113765
17.79405205
17.88240815
17.80371795
17.88949080
17.83428895
17.86793715
17.78992355
17.88583280
17.81666265
17.86945640
17.80398370
17.87007365
17.81617700
17.85331625
17.80667935
17.85518300
17.82203185
17.86620735
17.82156915
17.85023945
17.80064115
17.86744015
17.76984315
17.86110240
17.77412840
17.85341790
17.79563275
17.87788125
17.77514715
17.84568205
17.75635925
17.82681760
17.76513750
17.84916795
17.79719540
17.84470925
17.84197585
17.85031455
17.79264080
17.85741150
17.76668540
17.78816305
17.75112525
17.79486175
17.77202555
17.81569370
17.79736890
17.84423805
17.82820150
17.86891280
17.83554545
17.86360595
17.79952605
17.84269375
17.77728535
17.82758000
17.80060345
17.85229430
17.79090300
17.84105355
17.79738690
17.86830635
17.79063420
17.87109860
17.78473285
17.83381410
17.89246435
17.85021950
17.83990230
17.83252295
17.79815030
17.84633095
17.80063665
17.85272330
17.80671850
17.84882985
17.83678515
17.86825870
17.85225400
17.86709525
17.80023480
17.88859000
17.88180540
17.87306705
17.82890205
17.89630360
17.85000030
17.85444145
17.78204555
17.85820045
17.76802635
17.87961835
17.80799270
17.82208145
17.77590265
17.79974850
17.75756955
17.82715675
17.78783205
17.89684200
17.80097300
17.82173850
17.76995700
17.81957190
17.74049265
17.79360195
17.73200055
17.80105935
17.76195095
17.79101665
17.74371415
17.83383860
17.77713125
17.82723680
17.79205460
17.88547725
17.76571365
17.82496445
17.75072630
17.83120210
17.75235875
17.82050910
17.74813770
17.80598225
17.74678635
17.82890870
17.81151165
17.86649805
17.77332040
17.82321365
17.75505110
17.80993900
17.81003170
17.85511120
17.75707410
17.81498420
17.75194560
17.80187405
17.75554465
17.82559090
