21.13616848
19.51222533
19.37006019
19.31265148
19.34403167
19.29796971
19.33893505
19.30944500
19.27359105
19.26132062
19.33938895
19.36904019
19.36464800
19.44732000
19.36270800
19.34384186
19.31478738
19.28732390
19.38699667
19.33964267
19.34105043
19.27786905
19.32171210
19.33633586
19.28945452
19.30181752
19.29421810
19.33822552
19.33342171
19.29284505
19.35404829
19.41292495
19.45077281
19.54494033
19.40975819
19.45071076
19.42179152
19.36209781
19.36027100
19.30510286
19.29114381
19.34260271
19.36464552
19.39997719
19.21668948
19.19241343
19.32185486
19.31487429
19.31931724
19.30939071
19.43242952
19.35406071
19.32189795
19.28971481
19.24887148
19.28274114
19.31280971
19.27254890
20.84565300
29.42615900
19.39228395
19.33964829
19.34506748
19.41773590
19.39016514
19.40349738
19.34537286
19.29578771
19.30880424
19.29853490
19.30814524
19.35870257
19.26737633
19.29027714
19.30934057
19.33885857
19.31891962
19.42216786
19.38799276
19.37214110
19.33760786
19.33849090
19.39319286
19.32082057
19.29799514
19.30789524
19.29713700
19.29999314
19.28848152
19.28996690
19.30656019
19.28575343
19.32906857
19.28709595
19.30628114
19.33679710
19.33958514
19.36604576
19.33201819
19.36786057
19.30217357
19.27825238
19.34306933
19.21453824
19.31222943
19.32045319
19.34513186
19.33693543
19.33141967
19.39432910
19.31574405
19.31657333
19.37354205
19.30684781
19.36596438
19.32137276
19.36722671
19.30498781
19.27490067
19.27413205
19.29766271
19.29822114
19.30425714
19.31161676
19.35521871
19.31961881
19.32987562
19.38174852
19.35424186
19.37572552
19.38382529
19.30348148
19.32112629
19.27637267
19.30860895
19.30049014
19.26168529
19.28598267
19.31303743
19.28587819
19.29434371
19.35298390
19.37757114
19.34341076
19.32748881
19.35839243
19.34499257
19.33344490
19.32418376
19.32562748
19.33202519
19.26634057
19.30920681
19.29654586
19.27629524
19.35829252
19.33290843
19.26608210
19.33363871
19.35859438
19.32408386
19.41288714
19.32318933
19.25537362
19.30744810
19.28526738
19.34080514
19.38053186
19.29782095
19.28646576
19.32843800
19.30622495
19.31990971
19.33988500
19.33123371
19.31929176
19.21136205
19.28110100
19.35459643
19.34484995
19.29510943
19.25340748
19.27475414
19.29080681
19.32772929
19.29140867
19.26000619
19.28851024
19.31558867
19.31578805
19.31739081
19.30853186
19.32189824
19.39098986
19.30910252
19.24771014
19.27669957
19.26362057
19.26584714
19.30465967
19.26010476
19.25363424
19.28735590
19.25671567
19.26015438
19.28346690
19.32076252
19.32061581
19.31752038
19.29142643
19.31361029
19.36079610
19.32025624
19.26117962
19.29511933
19.28399233
19.28967348
19.26512143
19.28335814
19.28186148
19.34092233
19.30141490
19.33066148
19.31394624
19.34970229
19.37686090
19.30694662
19.28806662
19.29855610
19.29477948
19.29851514
19.33151210
19.30952124
19.26677286
19.36102933
19.49656486
19.34996190
19.34768362
19.33407352
19.32567686
19.34972171
19.28805810
19.30027614
19.32052976
19.30261786
19.27244905
19.27662262
19.26842743
19.27728476
19.28654100
19.29160914
19.32503833
19.36930833
19.32380495
19.31716567
19.37728376
19.32793710
19.33922876
19.31046857
19.28475495
19.25956876
19.28905881
19.32731324
19.24792448
19.27147438
19.43820076
19.26843195
19.30046681
19.26019886
19.33199343
19.22818205
19.35549919
19.32823757
19.27682676
19.31048495
19.20330024
19.31352714
19.31154286
19.27275729
19.26549024
19.33895862
19.26341810
19.28972862
19.34324267
19.32512367
19.26698257
19.30512671
19.34387871
19.49608048
19.39913052
19.37566614
19.33505952
19.33254314
19.29042476
19.30087390
19.32541529
19.32306424
19.26896157
19.35447476
19.31039305
19.32092367
19.32336905
19.31240171
19.31900657
19.35490581
19.31942429
19.34109286
19.33082462
19.32951886
19.28712714
19.26382700
19.27302771
19.29715610
19.29446890
19.29885133
19.31367229
19.42786933
22.89718895
19.38576886
19.36732929
19.36532043
19.41531429
19.38778548
19.28545929
19.28226948
19.27526076
19.30717124
19.29693014
19.29303238
19.28730729
19.29967667
19.28936014
19.31768105
19.28855029
19.32613719
19.39531576
19.33151676
19.34650200
19.39099557
19.34215705
19.32695881
19.28550910
19.28616814
19.31136276
19.29039419
19.31023205
19.28434490
19.30490819
19.32780219
19.31102505
19.30494143
19.35578886
19.35295510
19.39956143
19.32719348
19.29221800
19.31424957
19.27750657
19.29922062
19.28999562
19.36247671
19.32461786
19.33133848
19.29497490
19.22673686
19.40904710
19.32998148
19.36033514
19.35188610
19.33093424
19.34206267
19.32630848
19.28181338
19.34610814
19.28027686
19.24914105
19.28978048
19.26347329
19.30918790
19.30922819
19.30168129
19.31410776
19.32446095
19.36112190
19.34801319
19.36321057
19.31156886
19.35165424
19.32396786
19.36349257
19.30808457
19.31834238
19.30888876
19.37557790
19.33765829
19.36764971
19.28912338
19.30807281
19.29494890
19.35194633
19.33640505
19.34333305
19.39776848
19.33812948
19.31669671
19.30543948
19.27697167
19.26724076
19.28599786
19.27336914
19.28194171
19.33598952
19.29297695
19.30133919
19.30967295
19.31068581
19.34389829
19.37177957
19.34596952
19.27135519
19.32260724
19.25494962
19.28148295
19.23771195
19.30631210
19.30667529
19.34520329
19.28851914
19.32456810
19.33301248
19.34171390
19.32002652
19.32172519
19.27010110
19.35514729
19.36196519
19.31018290
19.27966819
19.26846390
19.27728795
19.27276433
19.26449976
19.24936338
19.32690038
19.26734510
19.33045129
19.35410895
19.35474543
19.28869995
19.37163590
19.32690710
19.35724162
19.28399938
19.26425876
19.29274076
19.28914714
19.27575881
19.29507410
19.38790457
19.32426690
19.33638071
19.29501852
19.33015695
19.33783157
19.30531452
19.30660643
19.34874429
19.33895667
19.28699924
19.27703081
19.30781771
19.25072357
19.30890724
19.26897462
19.27075067
19.26406081
19.35644500
19.35984976
19.32102238
19.32472686
19.35869424
19.39290710
19.40795581
19.37089729
19.34785867
19.32313786
19.31508086
19.34482071
19.39053176
19.34726843
19.37927295
19.30856000
19.31881614
19.34644819
19.31103171
19.29144586
19.34378490
19.27346824
19.34927581
19.34086976
19.33472476
19.29989433
19.34390810
19.28174981
19.28192238
19.31083895
19.27120295
19.31763700
19.31431590
19.30941848
19.35473886
19.34210205
19.29681005
19.35922948
19.31681995
19.32440281
19.31314305
19.30893676
19.26840114
19.32082286
19.30412519
19.29053524
19.32326200
19.35296929
19.31396505
19.31063043
19.31632771
19.30086133
19.32786510
19.30010862
19.33421990
19.30116205
19.31026071
19.27448971
19.28116133
19.18623552
19.30614333
19.28119019
19.28265810
19.24010776
19.33425581
19.27260033
19.33221381
19.32637476
19.36639495
19.37506476
19.36079867
19.28343252
19.31295676
19.29066876
19.27422014
19.28531090
19.32526424
19.29926829
19.34083105
19.32179790
19.30915352
19.32833614
19.30517386
19.28121243
19.32388233
19.35807548
19.32706257
19.31492038
19.31512876
19.26257510
19.30729781
19.27319100
19.30254705
19.27339876
19.28027795
19.26118833
19.32342557
19.29761238
19.30442152
19.75101633
19.61970186
19.55111971
19.44674124
19.36662548
19.36714014
19.39150890
19.37046757
19.39727829
19.33153762
19.32838900
19.38666214
19.40412352
19.38246333
19.36538124
19.37271162
19.39700348
19.39605090
19.38691500
19.39835629
19.43027295
19.40634786
19.38264648
19.36014724
19.42053243
19.42450629
19.40575300
19.42376319
19.39245919
19.37707462
19.37587952
19.40029205
19.38103519
19.43565562
19.43091086
19.38431471
19.37921738
19.38623286
19.35605286
19.36190429
19.40020381
19.38730467
19.39426671
19.40564514
19.37607924
19.40391119
19.37492443
19.36988962
19.40382395
19.38931110
19.37834695
19.38490386
19.38802871
19.35958538
19.35412781
19.32323090
19.33694286
19.35195357
19.34521376
19.40968210
19.43357281
19.42355167
19.39649924
19.43636324
19.43275167
19.46377714
19.48558357
19.40216867
19.35110814
19.38745905
19.39715795
19.36690900
19.35654433
19.41087676
19.36896738
19.42406590
19.38427019
19.36742881
19.41271019
19.48489205
19.48321314
19.49215176
19.45675748
19.50117400
19.45828457
19.38295233
19.39686895
19.38735876
19.38578167
19.37450181
19.37766667
19.38488614
19.37833871
19.40693414
19.38001357
19.40788476
19.41418024
19.44244776
19.51549267
19.40179233
19.38629938
19.36832367
19.34098286
19.33718519
19.36930033
19.36439748
19.37043886
19.38245352
19.35168662
19.40179600
19.40145548
19.39124043
19.37058700
19.42159576
19.38293657
19.39018114
19.38953586
19.38068852
19.37980186
19.35542676
19.34612105
19.34853638
19.36683481
19.37484548
19.38880271
19.40426152
19.40695157
19.43235924
19.40455786
19.42548743
19.47221162
19.40459167
19.36167562
19.39277748
19.35346848
19.37223457
19.39767671
19.37173343
19.35782124
19.43663005
19.42631410
19.42743395
19.39855838
19.43323448
19.44719367
19.47293824
19.46218152
19.50387333
19.48466576
19.48040171
19.42304500
19.44613381
19.42473305
19.46053133
19.43946938
19.42177695
19.44076733
19.45759057
19.43128819
19.46149629
19.48578995
19.48771724
19.78239052
19.47408767
19.43299367
19.43585219
19.45003405
19.41632448
19.44044762
19.37812414
19.41952595
19.42684824
19.39049286
19.45337567
19.35424605
19.37787333
19.41949957
19.40468881
19.37818024
19.41420714
19.38603567
19.36692819
19.36412057
19.38633595
19.34789495
19.38290581
19.34926810
19.33808029
19.40753210
19.38394381
19.39277019
19.43740529
19.44448900
19.42121319
19.46409586
19.41557267
19.37295800
19.36354900
19.35615186
19.34146462
19.39705490
19.38032652
19.35759319
19.40345633
19.36669329
19.39810295
19.39347490
19.57402257
19.37372962
19.40481829
19.40324095
19.38304819
19.37320538
19.38873062
19.34433838
19.34618800
19.24069029
19.33567533
19.42140443
19.43869143
19.48189471
19.48352495
19.47204890
19.49854529
19.53347210
19.52799810
19.45757767
19.40811652
19.42900476
19.47615671
19.46071424
19.47649343
19.44914005
19.45059471
19.46448781
19.48718338
19.42625833
19.41859262
19.44533829
19.42467795
19.43824871
19.43453129
19.40501867
19.42211024
19.43410648
19.39099838
19.37157905
19.40145590
19.38826995
19.37937143
19.37294314
19.38745719
19.44689181
19.43795038
19.43723595
19.42081290
19.44879157
19.49951224
19.93959881
19.45022024
19.39326971
19.27777033
19.25385119
19.28268838
19.38418371
19.31376071
19.31916148
19.41215271
19.36651267
19.38267757
19.38531171
19.43272810
19.47046438
19.44056771
19.42102110
19.50585252
19.48516076
19.43643724
19.34488700
19.38245452
19.35437395
19.37795329
19.35373495
19.35482124
19.38514081
19.36182586
19.34892352
19.38538948
19.40386286
19.41320824
19.42940252
19.40257229
19.36167038
19.37084962
19.39654781
19.37266310
19.36067452
19.39672081
19.38749519
19.38784767
19.38262733
19.41620505
19.40060590
19.43940500
19.37793486
19.36106871
19.30194686
19.33058657
19.33424305
19.31462310
19.31754548
19.28378043
19.25856271
19.31515471
19.31234567
19.35246029
19.40246252
19.40697781
19.37678938
19.42397700
19.41060514
19.42193995
19.44928210
19.38732600
19.38178919
19.35847995
19.35731576
19.37959024
19.36161362
19.25522543
19.38951314
19.41201633
19.36065433
19.35616538
19.40900848
19.37411138
19.36350205
19.38022957
19.36165590
19.41079519
19.36458924
19.40653052
19.36495667
19.37339448
19.35041914
19.35755524
19.37147867
19.43231990
19.36008329
19.34542052
19.37770767
19.40356214
19.37562929
19.40318414
19.44496352
19.38886890
19.37948148
19.37512581
19.35172510
19.36128590
19.37154562
19.35850124
19.35914748
19.42115267
19.35311010
19.37461667
19.34556490
19.40164643
19.39930552
19.39418424
19.39324595
19.39663181
19.41161486
19.38962895
19.35283186
19.42904438
19.35266448
19.37319448
19.34325976
19.36219838
19.37996443
19.39678886
19.34600886
19.45347381
19.35273948
19.34355776
19.37768057
19.30743829
19.25423105
19.28526524
19.24386862
19.25241519
19.25897986
19.23427605
19.26509081
19.24912586
19.25376290
19.28354167
19.25654676
19.27783014
19.38259533
19.38725510
19.39417195
19.39952205
19.40088910
19.41907419
19.36059705
19.38117424
19.32495805
19.36452490
19.38155719
19.35464276
19.36359943
19.36377933
19.34384010
19.41973767
19.43869662
19.45620490
19.51668714
19.43777329
19.39517038
19.41227005
19.41790195
19.37689962
19.39831595
