34.81096364
19.85088227
19.90203441
19.66994377
19.72864064
19.63447168
19.69613086
19.64211591
19.75432405
19.70206650
19.75754045
19.68395577
19.71850527
19.64969091
19.65552682
19.55789355
19.62507100
19.61843323
19.67488518
19.61685732
19.67842486
19.62462518
19.63885568
19.58912614
19.69880595
19.60080641
19.69492686
19.60860977
19.66697005
19.62021236
19.63233227
19.61661450
19.66529077
19.61587845
19.67103659
19.59100895
19.65123736
19.85518505
19.64860814
19.59324077
19.64071777
19.63625823
19.68897818
19.59447850
19.68109486
19.61620300
19.64026300
25.39304918
20.28657382
19.78841241
19.92193109
19.89322245
19.65120636
19.57563691
19.59311391
19.64100432
19.58201541
19.57077350
19.60911741
19.57634550
19.62712718
19.54274995
19.58439686
19.55915195
19.64546532
19.59359268
19.75118109
19.58024295
19.61573259
19.59330409
19.64068455
19.64231186
19.68775550
19.67448632
19.70221700
19.63744159
19.77063905
19.67202568
19.71896659
19.69063091
19.70666900
19.63558055
19.75000723
19.66539286
19.71571473
19.61212445
19.67066745
19.59822327
19.68783959
19.67305850
19.72558323
19.62726027
19.69060573
19.60456841
19.66466482
19.59006795
19.66908832
19.60136736
19.67806041
19.59832659
19.69767314
19.58982155
19.68320323
19.66262768
19.67136941
19.62773145
19.64514395
19.62621559
19.65688945
19.58287336
19.61938336
19.52361509
19.61488977
19.54369936
19.61602186
19.51074700
19.61259700
19.51563286
19.58565164
19.49222355
19.56380514
19.57278982
19.61273041
19.52756759
19.60266355
19.53612973
19.56918982
19.51770595
19.61861164
19.59290686
19.64072845
19.55271036
19.62592050
19.53907614
19.62351286
19.54934955
19.62931900
19.60532909
19.64823491
19.55142355
19.63900164
19.64439364
19.64837455
19.53202464
19.60431418
19.58065341
19.65571323
19.64115650
19.65312700
19.61192255
19.62132523
19.57594945
19.71833668
19.60394845
19.69390236
19.61730695
19.65946545
19.56273382
19.64246882
19.59801795
19.71318418
19.62571286
19.67107527
19.60661382
19.67049245
19.59421605
19.64011300
19.65756868
19.69566209
19.61992918
19.66654559
19.60464177
19.64963891
19.58157945
19.64351614
19.56499209
19.62515882
19.62500127
19.70619136
19.57982382
19.64891686
19.55438241
19.60395750
19.55458041
19.59387100
19.56597168
19.63439736
19.55216073
19.63548868
19.54225555
19.61679573
19.55192150
19.65451177
19.63926736
19.68474682
19.58281164
19.66557232
19.57909632
19.67748564
19.64039914
19.70408827
19.63788841
19.70337023
19.61483895
19.67363609
19.61899445
19.68839514
19.61089414
19.66638395
19.59286850
19.69941132
19.61914600
19.69746564
19.59139732
19.61970909
19.56859514
19.68280623
19.62058955
19.74534518
19.66553350
19.66986505
19.62093850
19.69965936
19.60799286
19.67874227
19.61111600
19.67997245
19.60108095
19.67104050
19.62080427
19.66197191
19.62272550
19.66097164
19.62051109
19.70140273
19.62338700
19.65808582
19.58515395
19.65205282
19.55464641
19.64171145
19.58051841
19.62466636
19.54599209
19.59968641
19.53637623
19.60272268
19.55676914
19.64638159
19.57607173
19.62451995
19.63637900
19.79183950
19.57336359
19.61172045
19.58030227
19.65388477
19.67436286
19.68515164
19.62234805
19.64881618
19.61345932
19.67599095
19.63835168
19.69875159
19.66497991
19.69335745
19.64884414
19.71805586
19.59834641
19.66090541
19.59712841
19.63744732
19.60914014
19.64744973
19.63591227
19.68944268
19.58844691
19.67467491
19.58347364
19.71980668
19.62013245
19.72663468
19.62086159
19.69272168
19.58537227
19.67903845
19.61171200
19.69564527
19.61637700
19.70432914
19.57055191
19.64387750
19.57494886
19.63815836
19.57838468
19.64772114
19.61670732
19.66866445
19.61173109
19.64000118
21.76841282
21.45841895
19.67249664
19.70271314
19.68765964
19.66168277
19.62340127
19.63646950
19.58339209
19.59935077
19.53025641
19.61485659
19.52520741
19.62008159
19.52580800
19.60492936
19.52199777
19.60555809
19.53779500
19.69535882
19.56185782
19.67952509
19.60004114
19.61691050
19.54359614
19.65507632
19.59221195
19.62905036
19.62092455
19.68799386
19.62333923
19.65854114
19.61909445
19.67564782
19.60058155
19.67572027
19.60442155
19.69264223
19.62446145
19.71087909
19.66221141
19.67875864
19.60884718
19.67222736
19.68915436
19.71840227
19.62632132
19.70472882
19.69058168
19.70793668
19.60184468
19.71812814
19.65029482
19.73702645
19.56837777
19.67759341
19.61243850
19.65654141
19.61886232
19.66061514
19.60943241
19.63723600
19.58524450
19.63063105
19.58861245
19.63068355
19.58599936
19.65654091
19.54948000
19.61787223
19.51835332
19.58536673
19.52633836
19.59303682
19.56870023
19.61220382
19.52059859
19.63172536
19.61803845
19.63288332
19.55155077
19.67485877
19.57721045
19.68748041
19.59208377
19.74074014
19.61612682
19.64092750
19.64079664
19.66540345
19.61446032
19.71643032
19.65131241
19.71630118
19.62995664
19.66303877
19.62788077
19.69312177
19.61080745
19.65737041
19.59604227
19.68298273
19.60741864
19.70148236
19.59579286
19.63769359
19.60744977
19.66697641
19.62886773
19.71196382
19.61873523
19.68646905
19.59904877
19.65443186
19.63474559
19.69969241
19.62393636
19.64761973
19.60078027
19.65101432
19.60411986
19.65133732
19.58640759
19.68081159
19.61113095
19.70730041
19.68009586
19.76829250
19.57395300
19.64094645
19.57238545
19.63347373
19.57439518
19.61018459
19.56512191
19.62821541
19.55951500
19.63147495
19.60176595
19.62607736
19.56248936
19.59649405
19.57029423
19.62188900
19.55907264
19.63428355
19.61350964
19.64482991
19.55938395
19.70551564
19.59498395
19.66160986
19.58289523
19.64428332
19.61003827
19.66949564
19.60584332
19.65171645
19.60147932
19.64509677
19.63321527
19.67619100
19.59970995
19.65336482
19.60925959
19.68820745
19.63127477
19.65852614
19.60323600
19.64156786
19.59627364
19.69050064
19.60092886
19.69219018
19.59774882
19.66221173
19.56947968
19.63709695
19.60140241
19.71992036
19.61493791
19.66048845
19.58574727
19.69531405
19.56347505
19.63328423
19.55992959
19.64589759
19.63341795
19.65934532
19.60969527
19.63998627
19.57319623
19.61777305
19.53434045
19.61480218
19.55318545
19.58672009
19.54678995
19.59278055
19.51619818
19.60055491
19.52284900
19.60214786
19.55896864
19.62060609
19.52717482
19.60756800
19.52474450
19.58945468
19.59071286
19.65216286
19.55985318
19.64844277
19.55565791
19.64846868
19.52820818
19.63015859
19.58220823
19.64842750
19.59336314
19.65992541
19.57430191
19.64362864
19.57370973
19.70487168
19.56929800
19.64496886
19.57187518
19.64945223
19.58980009
19.64386341
19.59509764
19.62847768
19.57203041
19.67516700
19.61339295
19.69346136
19.61074559
19.67986023
19.58985445
19.65416600
19.59065927
19.67179568
19.62198127
19.69256150
19.63838509
19.66325777
19.60783655
19.67951900
19.58767636
19.67958223
19.70507514
19.71014173
19.63676632
21.74493700
19.81379141
19.67392100
19.59345359
19.64251632
19.64819986
19.63309645
19.54684995
19.62872132
19.55550268
19.61103550
19.55951259
19.58390877
19.59423400
19.61049555
19.52878750
19.60669782
19.54365391
19.61516050
19.59301945
19.65708595
19.59000673
19.66006023
19.56304423
19.64424086
19.55107045
19.67218109
19.57698214
19.65004732
19.57973036
19.68581777
19.59687800
19.62900736
19.61170005
19.65077195
19.56028464
19.61917750
19.58389127
19.63469345
19.60233609
19.63615173
19.58221823
19.61461014
19.54766409
19.65088705
19.60139477
19.67104700
19.62468409
19.68965945
19.58575432
19.63854282
19.57702550
19.67577355
19.61647082
19.67668768
19.63181273
19.64374873
19.64086268
19.67101377
19.60070132
19.66955936
19.61541259
19.64810391
19.61992777
19.66066859
19.57240582
19.65208695
19.65160600
19.65265155
19.61081550
19.60886177
19.55434282
19.62288927
19.55302355
19.58987723
19.50961509
19.58276718
19.54271586
19.60834205
19.52596995
19.60303964
19.52586741
19.63127577
19.54758736
19.62437645
19.55462286
19.63057495
19.56784441
19.66083518
19.54360332
19.63909477
19.60878727
19.63996677
19.60232968
19.65456186
19.58629759
19.68736295
19.60402305
19.63883377
19.59221059
19.64597750
19.62060918
19.66680995
19.58221082
19.69378477
19.63773395
19.66513900
19.59671095
19.69610741
19.65178673
19.72357218
19.65883327
19.68148559
19.66351609
19.70247855
19.63502441
19.70313586
19.62395591
19.67136841
19.62244164
19.66261041
19.59448386
19.65303409
19.63263341
19.64586982
19.64347623
19.67173995
19.65194059
19.64538000
19.59352009
19.59733855
19.57433905
19.71906909
19.59751500
19.60378655
19.55337518
19.57174805
19.54044427
19.59848041
19.54781791
19.59424141
19.55219695
19.60058182
19.52561464
19.60947364
19.52978605
19.62365218
19.53667618
19.62530427
19.55591077
19.64362841
19.55550991
19.63319918
19.58045045
19.67772464
19.57237245
19.63894900
19.60389259
19.67308355
19.66160891
19.65409664
19.55895832
19.63362664
19.58480341
19.65477873
19.59641345
19.65416791
19.64301650
19.70883573
19.62215705
19.68910136
19.61803086
19.68503036
19.69113382
19.73555100
19.65380209
19.72350118
19.64224973
19.67944005
19.63747645
19.70112118
19.63677382
19.70092691
19.60631423
19.66199873
19.84144977
19.63356155
19.60250945
19.64860941
19.60447959
19.68601991
19.59103364
19.63746382
19.54739782
19.62343855
19.58679391
19.59746091
19.57076714
19.57864655
19.53139127
19.58650741
19.56916759
19.60007159
19.53403136
19.59019623
19.74444082
19.61446205
19.53516582
19.61432986
19.52044595
19.65912564
19.54910564
19.66473141
19.56852427
19.68347791
19.54722341
19.64002323
19.52681132
19.61718855
19.58199682
19.64586264
19.60660900
19.67509755
19.58851841
19.63975932
19.60304064
19.65664341
19.59964195
19.64204632
19.61420173
19.65862436
19.61126391
19.65448291
19.56876182
19.66996305
19.53625623
19.63256891
19.69433595
19.69032709
19.57634932
19.67966568
19.56483850
19.66849959
19.59039686
19.66679036
19.60936041
19.69374682
19.57345177
19.65103936
19.59799945
19.64664750
19.57297173
19.65525655
19.59465386
19.71071832
21.31809455
19.68129014
19.59726577
19.64439136
19.58695182
19.65689895
19.64831186
19.64491141
19.56386314
19.61561641
19.60471468
19.60482641
19.55661818
19.60496150
19.56088159
19.60100059
19.54564436
19.60673195
19.57719559
19.59517627
19.53197227
19.63284991
19.55227727
19.63452036
19.55736291
19.58196250
19.55615318
19.62769459
19.57251482
19.65478564
19.60099064
19.67516536
19.60133145
19.65994255
19.63679886
19.64775318
19.56168041
19.65844359
19.58384891
19.65673282
19.58522845
19.65803036
19.60092800
19.66807968
19.58322673
19.67620309
19.66230514
19.73941709
19.64666759
19.70663777
19.62372932
19.68930018
19.65900159
19.70080395
19.65021900
19.68522850
19.61310577
19.69139650
19.61369368
19.69099341
19.62299455
19.69442450
19.64844077
19.70014000
19.63283691
19.67653559
19.65513982
19.66076068
19.59877359
19.64123332
19.58764045
19.61419209
19.57466327
19.60501918
19.55410041
19.60826141
19.54618545
19.59754795
19.56311664
19.64107818
19.54998791
19.68076455
19.56735318
19.62982582
19.54069000
19.65866150
19.59051027
19.66861655
19.60114418
19.64169823
19.53887082
19.64905591
19.60105277
19.66147414
19.62880577
19.68957950
19.61521809
19.69880582
19.64500041
19.71577355
19.62867005
19.66799477
19.64471473
19.69391091
19.64866359
19.73443695
19.62501777
19.68945705
19.61767423
19.66929450
19.63288336
19.70965745
20.07134227
19.67701595
19.58130164
19.63466764
19.61004555
19.70808473
19.62934118
19.67732759
19.62036973
19.70296555
19.62031373
19.63730973
19.61790836
19.68401132
19.65594545
19.68284259
19.60993009
19.66818405
19.56123150
19.59269459
19.59232055
19.63606964
19.58212250
19.64404177
19.56799136
19.61963800
19.64533836
19.63799036
19.54733032
19.61483845
19.56658855
19.60799432
19.56420782
19.59935805
19.57856427
19.57385123
19.51716182
19.61542832
19.56675355
19.67564445
19.55389327
19.62981841
19.55047118
19.63809250
19.56198505
19.65477173
19.61356632
19.63434595
19.59110027
19.65335850
19.60604805
19.66916714
19.58162164
19.69312245
19.58031173
19.69222600
19.57462464
19.68804909
19.57533455
19.69219945
19.58687473
19.68796218
19.62404786
19.71684082
19.60493250
19.71591073
19.56755305
19.67854955
19.60710541
19.67805891
19.64930532
19.72498145
19.60105991
19.64267136
19.59098377
19.66361927
19.57825827
