23.00496383
21.81521300
21.51382652
21.53385983
21.40238530
21.57314896
21.48506348
21.55163957
21.36250017
21.51339452
21.51390235
21.50261778
21.37344578
21.50314822
21.55267530
21.54025404
21.44543170
21.65517039
21.51823178
41.01604048
22.33594704
22.39490935
22.27900017
22.33918704
22.14086348
21.46795704
21.39234752
21.47358374
21.45970061
21.46161235
21.44732630
21.47530761
21.32511139
21.49574574
21.47190070
21.56301083
21.54420174
21.63418917
21.42949035
21.50312722
21.49575457
21.49953839
21.72612617
22.44282574
21.55206161
21.53228074
21.41854861
21.44152035
21.35127000
21.44680648
21.41892170
21.51417561
21.45404987
21.43155009
21.47805661
21.49699509
21.49098670
21.51281935
21.46824200
21.48940143
21.44757874
21.47906939
21.43397274
28.26412248
21.60142030
21.63107670
21.60218800
21.58390339
21.65345839
21.57437348
21.49567252
21.52737961
21.49376552
21.53424883
21.55782735
21.51558496
21.55892296
21.56718791
21.53879161
21.40552991
21.43958100
21.47521091
21.51701330
21.45752300
21.54411600
21.53135026
21.44086183
21.44165157
21.34435922
21.49295748
21.41404509
21.45164374
21.43521161
21.51086009
21.43967617
21.46918691
21.42460661
21.47817257
21.44708265
21.45697622
21.46911370
21.42082217
21.53012543
21.47428835
21.47372435
21.53031635
21.49737400
21.46231509
21.43111700
21.43788535
21.40006770
21.49041330
21.54868170
21.43535896
21.44270300
21.44974200
21.43365222
21.46557357
21.44440635
21.47295648
21.44542700
22.95587717
21.54757057
21.49338648
21.45601313
21.44191222
21.47537674
21.46142196
21.30649957
21.50763939
21.57257287
21.52337904
21.54603061
21.46928057
21.48479270
21.47502535
21.45212965
21.47667717
21.47898748
21.42927243
21.47902539
21.53563783
21.47346470
21.49960513
21.38745317
21.52430461
21.53060852
21.55201248
21.48018170
21.51231796
21.50488813
21.48162791
21.49862904
21.49005874
21.40804422
21.47952043
27.12911639
21.49555587
21.45434352
21.45216252
21.45252713
21.46250148
21.48083922
21.46382983
21.41360757
21.43090087
21.44075696
21.48286426
21.45564257
21.57165243
21.45076478
21.41316987
21.29393930
21.47091774
21.48619039
21.46185065
21.47263313
21.47938196
21.44575174
21.46809013
21.45458678
21.44819691
21.44273657
21.48343996
21.47269796
21.53023774
21.46483578
21.48287657
21.49403722
21.34297735
21.44403213
21.42712809
21.41441187
21.51929800
21.47476304
21.47682209
21.32903339
21.53893443
21.46626865
21.66113057
21.54864709
21.57491965
21.53722817
21.60201178
21.50153535
21.70146109
21.49568230
21.60537700
21.56889574
21.57501991
21.58067017
21.53104578
21.50490483
21.53235109
21.50348691
21.48742252
21.48834148
21.52939570
21.56795400
21.51973226
21.54801461
21.56008548
21.46783639
21.57122443
21.51180930
21.58377874
21.55899935
21.56934970
21.51904878
21.53316861
21.51555048
21.57207252
21.51653130
21.57976978
21.54737609
21.51869691
21.50071817
21.52877574
21.51637109
21.52339774
21.50934409
21.53636804
21.51038361
21.55631783
21.48827178
21.55654300
21.48378274
21.57122883
21.50152830
21.53496796
27.25482422
26.27098339
22.29180943
22.20639043
22.32125952
22.04945722
21.36975313
21.39172696
21.32828739
21.37419352
21.35643565
21.58331804
21.53763204
21.47034596
21.49130943
21.51886422
21.46940191
21.55679239
21.50686287
21.49352813
21.38951243
21.42074026
21.46187109
21.48066496
21.43883148
21.49197426
21.42242235
21.49757691
21.46980543
21.48113191
21.45738800
21.48626722
21.43757417
21.47547883
21.47462157
21.45485213
21.49812417
21.45926213
21.41749265
21.47204700
21.50620104
21.46593296
21.45557000
21.41674157
21.50282322
21.59465865
21.30518052
21.28198604
21.26631270
21.25603074
21.45509252
21.48258009
21.43293113
21.49621491
21.48986400
21.47608343
21.46600730
21.51863487
21.47667491
21.49872104
21.45799004
21.50588200
21.49712730
21.54783752
21.50414430
21.55500991
21.56923652
21.62315291
21.60327957
21.59982500
21.51550613
21.50488287
21.47609983
21.48331378
21.45991709
21.52400578
21.44312987
21.50894622
21.47285496
21.55101700
21.51032270
21.50195052
21.49487174
21.55928039
21.52037261
21.55958400
21.48609026
21.44296439
21.46665496
21.51919483
21.43673078
21.48679043
21.49534865
21.51360552
21.43133926
21.49042222
21.47073887
21.57183774
21.52766291
21.51762457
21.51306726
21.48907339
21.45732117
21.49367213
21.49959943
21.48140283
21.45753339
21.45657630
21.43869561
21.51972439
21.51020874
21.53942109
21.51476274
21.45186387
21.54631361
21.53389530
21.51539878
21.60782043
21.54645952
21.54584400
21.55342130
21.61021439
21.55927070
21.56235261
21.64128283
21.66727809
21.64947913
21.66541665
21.62273630
21.66045491
21.64251543
21.65075774
21.59414139
21.62036548
21.53487404
21.59039178
21.52395865
21.54817330
21.50664152
21.47595587
21.46732374
21.51123435
21.53315174
21.52713330
21.52939622
21.51653374
21.46684313
21.51533309
21.45036987
21.53142235
21.50784213
21.47939165
21.47201643
21.49721239
21.46261709
21.51143774
21.52284987
21.56403730
21.52633109
21.47672987
21.44831278
21.61292709
21.50229787
21.50063457
21.49384213
21.49048226
21.44378357
21.38599374
21.38846791
21.35500561
21.33936965
21.38572104
21.33004609
21.39182626
21.46622635
21.54681309
21.51563952
21.49281600
21.43237430
21.49405661
21.49469148
21.56918243
21.53608591
21.51249539
21.57660635
21.71285643
21.46425626
21.50409465
21.49480013
21.50172196
21.58200070
21.56463713
21.51779609
21.52565665
21.44222035
21.45260209
21.36373713
21.52320374
21.47937065
21.51144200
21.51037378
21.47517391
21.48947757
21.47952304
21.42714143
21.53583409
21.53256213
21.45683435
21.49283443
21.49508900
21.42453609
21.46097961
21.43843204
21.49412222
21.45816074
21.48959878
21.46667152
21.44725478
21.43158074
21.48876813
21.50280861
21.45104839
21.66586517
21.52387896
21.46845809
21.51361404
21.52288774
21.49552183
21.54561752
21.55447030
21.48275730
21.56045191
27.92056704
24.13201387
21.47506004
21.54107483
21.52004304
21.56047248
21.58727678
21.53568852
21.56056765
21.50659417
21.43758343
21.44097235
21.41127639
21.46920739
21.33542835
21.46216070
21.45161200
21.55423200
21.41796804
21.47943709
21.45703961
21.54362461
21.47093913
21.53732574
21.44550543
21.46186213
21.49250283
21.45493543
21.48216443
21.46643000
21.43574687
21.49612548
21.52515248
21.51001657
21.50283739
21.48806539
21.47164065
21.50966291
21.49591157
21.48910196
21.50880604
21.52031161
21.46743426
21.50298726
21.41701409
21.53230422
21.47613030
21.53295974
21.47330657
21.46236087
21.40278096
21.48743004
21.40922500
21.44962317
21.46194887
21.48363504
21.45436213
21.52078126
21.45609843
21.47635087
21.46142009
21.41054500
21.42523078
21.48361600
21.49836504
21.47778104
21.43985643
21.41560609
21.46062843
21.51789830
21.45795400
21.48285622
21.43587930
21.43556878
21.36611957
21.50034074
21.40866117
21.43614235
21.48883978
21.44787035
21.44023887
21.47208826
21.42080374
21.45449735
21.47000078
21.49086122
21.49907370
21.52546717
21.45832648
21.46379974
21.47678922
21.47751987
21.49805257
21.46291191
21.45798126
21.51822896
21.48389004
21.48052404
21.47915126
21.47296852
21.45943474
21.50427600
21.42623491
22.88317561
21.58555491
21.47767087
21.45999870
21.52377126
21.44565157
21.51198370
21.35988257
21.37211096
21.48285283
21.53021861
21.50983513
21.51808361
21.48974474
21.48473743
21.47448817
21.56783057
21.43900600
21.50542326
21.48042991
21.47649209
21.47217961
21.46955378
21.40534735
21.49529843
21.46048078
21.43612191
21.48623200
21.41330791
21.43288443
21.54314013
21.50576035
21.50444761
21.49686683
21.40667530
21.40743800
21.47955722
21.55267304
21.61889378
21.54929700
21.51783078
21.56677830
21.55202317
21.48322509
21.46929665
21.46079457
21.49695583
21.51379635
21.51279578
21.47268661
21.54122870
21.45084587
21.47609317
21.47611848
21.35183835
21.34889709
21.52927078
21.45354417
21.51030548
21.48918383
21.42783243
21.40075591
21.47787252
21.44562383
21.55973922
21.44090896
21.47316817
21.42128896
21.39698100
21.46151339
21.50792578
21.50260504
21.52893648
21.49670235
21.51351365
21.49756265
21.52154926
21.49538965
21.47057009
21.44990970
21.45444735
21.45052722
21.42647457
21.45710717
21.55504765
21.39708657
21.37722822
21.34139430
21.72782287
21.46607909
21.46431787
21.48808296
21.43189557
21.43310348
21.53122065
21.50501857
21.51371422
21.46392574
21.46179626
21.44951243
21.41126235
21.41353352
21.45113561
21.49836630
21.49702800
21.51476378
21.52910652
21.50408413
21.45397091
21.44445309
21.48765461
21.49949496
21.54231883
21.44133022
21.53691813
21.44386209
21.45648800
21.45416143
21.44931704
21.40130383
21.50268322
21.49283513
21.47291626
21.46756935
21.44402448
21.41726970
21.49503717
21.47240617
21.48734622
25.59933052
26.94168748
21.52052413
21.34923265
21.31933591
21.51473317
21.52790804
21.60838722
21.56421448
21.60349252
21.52891874
21.59615957
21.63467122
21.43292317
21.40336339
21.50819948
21.46283478
21.55270843
21.51098487
21.53131822
21.51440552
21.52529200
21.47843896
21.51500970
21.51664748
21.48301626
21.46392278
21.47183578
21.47426487
21.48799483
21.51533726
21.52414717
21.44844157
21.44181170
21.40190426
21.45893843
21.39870222
21.46404826
21.43080978
21.46777704
21.40590109
21.53281165
21.46483548
21.53988165
21.52938196
21.51658252
21.55685222
21.58851683
21.49625830
21.53907665
21.52742857
21.55507052
21.52987478
21.54290604
21.50393548
21.54284243
21.52564578
21.55660413
21.49737104
21.43705100
21.43643822
21.47075035
21.46911052
21.52971809
21.47633709
21.42076926
21.45216357
21.49320439
21.43293148
21.49510904
21.45684548
21.46586083
21.43171070
21.46530552
21.41317283
21.48067343
21.48796043
21.44425078
21.44387696
21.44739591
21.42959626
21.52072230
21.47259543
21.49739330
21.47200126
21.47280439
21.50825413
21.51766252
21.51140713
21.51045365
21.50116526
21.43402952
21.47749348
21.55844065
21.52536987
21.54288761
21.51098700
21.45793509
21.53548504
21.49452513
21.43520891
21.50815239
21.50317022
21.46290357
21.50727100
21.49195287
21.45121057
21.50109974
21.51745361
21.50303226
21.55155552
21.55772904
21.51083291
21.54360357
21.52172804
21.49268374
21.53050591
21.51939948
21.47234452
21.49394791
21.48728113
21.53963465
21.52706200
21.52950678
21.47222348
21.55082113
21.51106522
21.55342843
21.56089083
21.54854139
21.52035322
21.56757374
21.50733291
21.59466226
21.57217491
21.51607261
21.41520822
21.45582665
21.47385413
21.46142261
21.46013235
21.42498270
21.43285587
21.46972696
21.49678652
21.48650170
21.45984196
21.45759217
21.45579600
21.44436252
21.44209170
21.48415983
21.45230383
21.49617552
21.46225704
21.41016891
21.45432726
21.48683561
21.49119696
21.52459035
21.51824591
21.43780565
21.38520435
21.45557743
21.41658187
21.46849883
21.42488622
21.46916826
21.43432665
21.48855843
21.42063878
21.46026000
21.47581852
21.52565013
21.51111022
21.49666609
21.44790117
21.47522883
21.51281604
21.48377035
21.42957391
21.46967578
21.43335039
21.50892865
21.47165083
21.53625943
21.49250187
21.45863061
21.46229548
21.49678630
21.48110952
21.54444743
21.54771278
21.53780335
21.48450300
21.53157130
21.47691809
21.46504870
21.50164961
21.48850543
21.48519039
21.51709052
21.49814374
21.52035765
21.53243274
21.54254035
21.49960722
21.51526943
21.56647252
21.55048174
21.46230926
21.49243774
21.53238500
21.51750948
21.51671874
21.51856596
21.50076339
21.55804787
21.53978991
21.49027000
21.51808070
21.59374287
21.58387852
21.56310670
21.52701630
21.51259874
21.48297391
21.56086157
21.45978904
21.46843878
21.47877283
21.50151548
25.31576000
24.00552587
21.48732165
21.54287030
21.49716952
21.47267091
21.52106130
21.53618783
21.45428987
21.49965704
21.51298652
21.48346509
21.53856283
21.55480030
21.51994852
21.58725957
21.53642409
21.57328491
21.40547709
21.53750726
21.49862730
21.56550304
21.53191530
21.57850665
21.54744483
21.48238209
21.42880991
21.49606152
21.43131365
21.48592043
21.45745748
21.54639378
21.49123422
21.48680983
21.45614865
21.52826174
21.45518974
21.49575939
21.49867513
21.51402483
21.47015665
21.50184270
21.50994591
21.53800426
21.53867539
21.55332474
21.46437026
21.52943822
21.48477552
21.51982274
21.47245548
21.41744643
21.51831626
21.49225170
