23.22595821
21.71192488
21.62756979
21.62143904
21.64377987
21.58648183
21.53662533
21.50470533
23.13672192
21.57328404
21.55902721
21.49215900
21.58223796
21.59911829
21.76856142
21.50535992
21.52408467
21.60864513
21.59180771
21.51873346
21.55709021
21.49065646
21.53367825
21.53013042
21.57277783
21.48911292
21.51189000
21.50668142
21.62408742
21.56271812
21.59179742
21.57445542
21.54625454
21.49599233
21.65251600
21.61692242
21.65601229
21.56614158
21.74360604
21.63424713
21.61934358
21.50718996
21.56780467
21.48589983
21.52804825
21.47739913
21.55520267
21.49156896
21.54375925
21.49747371
21.53087408
21.48098604
21.60095742
21.51973483
21.59182608
21.55817713
21.59576262
21.52661058
21.51330562
21.47611138
21.54440754
21.65087579
21.59964592
28.36850250
21.57279358
21.52539650
21.59060696
21.55207775
21.55572442
21.59144742
21.51515479
21.44274333
21.52107933
21.46584725
21.52479958
21.45270217
21.51004750
21.44945996
21.50167033
21.47157771
21.47485517
21.48347842
21.51705296
21.62954904
21.50593337
21.46563888
21.53463867
21.50681696
21.57412388
21.48780329
21.52054275
21.48042887
21.78530671
21.70360187
21.62645850
21.56723779
21.65465608
21.52800796
21.59032521
21.49953913
21.54465738
21.48546408
21.52737063
21.48750442
21.59253871
21.53684883
21.58780958
21.63038383
21.52323846
21.48635087
21.52801492
21.47210146
21.50904100
21.39678508
21.48468467
21.44233754
21.51674921
21.51334092
21.60774100
21.52217350
21.55818475
21.49201158
21.51624400
21.46010696
21.57388825
21.49191813
21.54787833
21.46855975
21.51775821
21.41760304
21.69135508
21.48578613
21.56588633
21.49280229
21.51485138
21.45317858
30.66703308
37.56509996
23.58685946
23.76486017
23.68041258
23.20487400
23.52162450
23.38373154
21.51884308
21.50201596
21.54394800
21.48188592
21.53387112
21.48839483
21.54328542
21.51015379
21.81055321
21.57656483
21.59058608
27.37034492
21.65322496
21.61603958
21.66857579
21.58614437
21.65356292
21.52106258
21.55068017
21.52525621
21.65549275
21.50235971
21.54857196
21.51554250
21.58742392
21.53943792
21.55924729
21.50701638
21.53990858
21.50762529
21.54591533
21.49295988
21.63725263
21.48092308
21.55266050
21.48900667
21.54029867
21.51715767
21.57879383
21.54013787
21.56108929
21.50710350
21.54667458
21.49127725
21.54181192
21.50991100
21.54270329
21.48346992
21.52893725
21.48296063
21.52154150
21.51256492
21.57492808
21.51082829
21.66356313
22.76359758
24.60839608
21.49256333
21.52664271
21.46613379
21.51362112
21.44752092
21.52172075
21.48165792
21.52784587
21.49363912
21.66646413
21.46899296
21.53765321
21.47373046
21.58401983
21.59499750
21.59553337
21.51218204
21.55430483
21.45855463
21.62584796
21.58860500
21.60417883
21.51925312
21.54661121
21.49113333
21.53924158
21.51597613
21.55585917
21.49385979
21.53585338
21.48589058
21.57143054
21.49906200
21.55791750
21.46931996
21.51957425
21.46882079
21.58001033
21.47845746
21.52821179
21.44689346
21.52942562
21.50042392
21.63144954
21.50250258
21.53321313
26.80452304
21.63144350
21.50915387
21.61505850
21.55209071
21.64517937
21.65438475
21.62882875
21.57682221
21.57618983
21.57712783
21.59614558
21.56932517
21.64376263
21.59438217
21.63945425
21.59664779
21.62365371
21.59838350
21.62475725
21.58682575
21.64413738
21.51043446
21.58198054
21.52550600
21.58530767
21.53975954
21.56326725
21.53278858
21.59175967
21.54073746
21.60818504
21.56031067
21.61228113
21.50247154
21.53326404
21.50179996
21.56760992
21.56608425
21.59458283
21.53667621
21.55102892
21.46023612
21.62274037
21.53033733
21.57078629
21.49358512
21.58353717
21.48544208
21.54459992
21.48820325
21.54522117
21.50346175
21.52629383
21.46550650
21.57524121
21.48480596
21.59733233
21.45248229
21.50302475
21.50293542
21.56282229
21.52200175
21.58188863
21.54775883
21.57104404
21.49570833
21.50674883
21.47697571
21.55084354
21.53648046
21.59048625
21.51152446
21.54704946
21.50114596
21.54080271
21.50913371
21.57777608
21.51361858
21.64779188
21.48775929
21.55221396
21.44910646
21.52799283
21.45961958
21.51161092
21.45051471
21.49101658
21.47601554
21.54629463
21.58902883
21.52914550
21.48936542
26.67179696
21.65393050
21.56222125
21.48887946
21.53448758
21.51868796
21.52412279
21.49708517
21.58080804
21.53088667
21.58937671
21.49016038
21.51676563
21.50068958
21.54492308
21.49400017
21.54505979
21.47902708
21.50568708
21.46763696
21.55784962
21.53802138
21.58852179
21.48532783
21.53402454
21.47881429
46.44327558
22.76207279
22.76279408
22.09585454
21.57659925
21.54485967
21.57858817
21.58961650
21.61149621
21.60254742
21.64702563
21.56185100
21.56224308
21.52698262
21.58951287
21.58241871
21.81199754
21.59329762
21.55961754
21.61550571
21.59501854
21.57125454
21.63839562
21.57161642
21.57483546
21.54037329
21.56853271
21.52378179
21.54678158
21.52760171
21.58286454
21.52952000
21.59453954
21.51679304
21.59303658
21.54207404
21.60391771
21.51810571
21.51532837
21.45479575
21.52376696
21.48519929
21.53448771
21.46553083
21.51243625
21.42969117
21.56483429
21.56444954
21.56799013
21.53442896
21.51444763
21.46514492
21.50527242
21.49102871
21.53132788
21.47926133
21.50417754
21.49090512
21.50570067
21.50299296
21.52026150
21.45275667
21.59982746
21.41989217
21.59033062
21.47640142
26.84363888
21.52303742
21.55390271
21.53363475
21.59400012
21.62983417
21.63466987
21.64127817
21.70364013
21.56436979
21.56501554
21.51448146
21.65863487
21.53795996
21.58755704
21.54737675
21.54584729
21.49561208
21.54806929
21.56630937
21.58914354
21.54031554
21.57528208
21.52215387
21.55251000
21.52117433
21.54238454
21.49108796
21.51554254
21.47492054
21.54142533
21.47849463
21.52560683
21.50841046
21.54523767
21.45915879
22.93908337
21.50848846
21.52841412
21.50805721
21.55486258
21.47511613
21.65701658
21.49982858
21.59962258
21.57131146
21.61101675
21.54318842
21.51467450
21.48122846
21.51910150
21.49092671
21.52002488
21.49124996
21.48318571
21.45068700
21.55537846
21.48348558
21.55916133
21.47756825
21.53932792
21.48052663
21.50137437
21.49500121
21.55089192
21.47744354
21.62493275
21.51400729
21.57393992
21.54938804
21.61094692
21.58342383
21.62979892
21.56301542
21.57987721
21.54215883
21.61662629
21.57469054
21.60732267
21.54661504
21.57487175
21.51219154
21.57873312
21.56726046
21.63094975
21.54092787
21.58588150
21.52925350
21.62226996
21.48762150
21.56574675
21.47491800
21.55730979
26.68116075
21.50725067
21.46753425
21.50586821
21.51860458
21.49549654
21.46031808
21.52455788
21.48808958
21.55229504
21.49296229
21.57242533
21.50387158
21.52094300
21.50715192
21.59418496
21.56908638
21.58344538
21.51041913
21.52285054
21.43340692
21.53210967
21.47894154
21.54384050
21.43080871
21.47297617
21.42321408
21.70855533
21.47007883
21.50861992
21.43992775
21.61703996
21.45961242
21.52609988
21.43844517
21.51468058
21.43937433
21.47130067
21.49995962
21.55365083
21.53089067
21.58225758
21.69822562
21.61814950
21.54827308
21.57510850
21.50200658
21.58697183
21.55400137
21.55966242
21.50028262
21.53096446
21.84001100
21.54230237
21.53408887
21.56359558
21.52549242
21.52352346
21.51186217
21.52782600
21.49416858
21.54230792
21.52549667
21.54178071
21.46608167
21.52319950
21.51815467
21.54409583
21.50448000
21.51945196
21.50522317
50.83434862
22.67601579
22.73998221
22.74663279
23.12043038
21.58418662
21.58679304
21.58041800
21.66264971
21.67632412
21.71294704
21.61106854
21.63785496
21.55195333
21.59913737
21.67256362
21.70001883
21.57652933
21.62847054
21.60106362
26.95341396
21.55418592
21.57945946
21.50047796
21.58366938
21.45091971
21.55098525
21.51894267
21.53379800
21.47348708
21.51016237
21.49635737
21.59076142
21.52421429
21.54667637
21.52734029
21.60281283
21.54539529
21.53441621
21.50364767
21.56094067
21.54521983
21.54895221
21.49069975
21.52676725
21.50360029
21.52377954
21.52843554
21.56305192
21.48470046
21.52002817
21.46373762
21.52112963
21.50482400
21.53010617
21.49032917
21.51761892
21.44508183
21.53184983
21.49249988
21.53559533
21.47182354
21.66066808
21.46497258
21.55337975
21.49804308
21.52067254
21.51394767
21.57765004
21.48011183
21.52456004
21.49851921
21.59562708
21.58356696
21.72270604
21.54310921
21.54775725
21.48745829
21.55209758
21.48568721
21.53052600
21.47127088
21.53440171
21.47178471
21.55085650
21.52827633
21.52001896
21.47837596
21.52834175
21.46697258
21.53908475
21.48484737
21.54096583
21.47453346
21.51190775
21.50337667
21.54878712
21.50699063
21.60424075
21.56313937
21.59555412
21.53301117
21.55222933
21.51239317
21.55251575
21.51314696
21.54764233
21.52663713
21.64195179
21.46536529
21.53759500
21.51532133
21.53761821
26.66179342
21.58600933
21.49416292
21.52033412
21.53387950
21.51230017
21.45708288
21.53827279
21.47993342
21.52942008
21.48060004
21.54558200
21.47917908
21.54415275
21.48072721
21.54245996
21.48204175
21.55152708
21.53736475
21.64831304
21.52599533
21.53611337
21.50147800
21.65260967
21.66838513
21.69195812
21.61782608
21.61108083
21.53191954
21.52231713
21.52708050
21.54420696
21.47287079
21.53573517
21.45058567
21.54289954
21.48314875
21.54174717
21.53746079
21.54707458
21.49210333
21.62999071
21.49596600
21.52187908
21.53036133
21.55359112
21.51185492
21.55494450
21.57302571
21.65666012
21.63832838
21.67027438
21.63707758
21.60445871
21.57808608
21.66081458
21.60380521
21.62506088
21.61375679
21.56683558
21.55367563
21.54537229
21.59795467
21.66494300
21.55757062
21.61374075
21.57965321
21.61828417
21.54567696
21.56988254
21.54752083
21.55877067
21.53136113
21.57854879
21.53991550
21.56274454
21.59490850
21.59730367
21.50694750
21.57077163
21.55754421
21.58279154
21.56972704
21.62226933
21.52184254
21.54143171
21.51025492
21.57271592
21.68959292
21.64945304
21.59018538
21.55572033
21.49736688
26.73847112
21.52360421
21.50088425
21.47373204
21.57093896
21.44973446
21.52774225
21.50600388
21.50911558
21.49157646
21.59307467
21.51580433
21.51713296
21.49298862
21.51385450
21.43565433
21.51517846
21.46127183
21.54064987
21.50573192
21.62106771
21.55964117
21.59800917
21.50350258
45.62248729
22.81293771
22.80624329
22.83511567
22.79319296
22.88584979
22.71867413
22.32644588
21.57534608
21.58332088
21.60061937
21.54769942
21.58410729
21.51343825
21.59763571
21.66036517
21.70806342
21.48798175
21.66532225
21.51369371
21.60962383
21.47427529
21.53633550
21.51378158
21.51423875
21.47843117
21.53015696
21.48017062
21.53878492
21.53405704
21.59952121
21.53041475
21.58482729
21.54421871
21.61312012
21.59672771
21.61475333
21.57239650
21.55672812
21.52116654
21.59380200
21.51094767
21.58619879
21.48598775
21.56428962
21.48786712
21.57151075
21.56327250
21.60832562
21.55076604
21.56806242
21.51142029
21.60946600
21.54379575
21.55666429
21.44971154
21.49944992
21.45209337
21.55652729
21.50362833
21.58951558
21.51744271
21.70756083
21.53419233
21.55687142
21.57516863
21.60555796
26.85820979
21.62575417
21.50080767
21.54123642
21.55563363
21.57365667
21.65437596
21.57060104
21.52818958
21.58367492
21.49783229
21.56422558
21.46676342
21.60636917
21.48509913
21.55248517
21.48481762
21.56341917
21.46789817
21.52239925
21.49042692
21.55305771
21.49978167
21.53682513
21.49067250
21.53564742
21.47172417
21.57019850
21.50932504
21.55481925
21.50087246
21.58878617
21.56898683
21.61637013
22.91473975
21.61176937
21.51261542
21.54568679
21.53043712
21.51617233
21.48183558
21.66687642
21.51925771
21.59129487
21.53501192
21.56642421
21.46517842
21.58151058
21.45731917
21.55481425
21.50388958
21.54406662
21.49212088
21.50306717
21.47277287
21.56072908
21.46208467
21.60099075
21.50572558
21.61234042
21.52523050
21.56110675
21.52633592
21.58759321
21.60722592
21.55778913
21.50029925
21.52517558
21.46818554
21.54037471
21.50786308
21.57109825
21.50760617
21.52075600
21.44466337
21.52996900
21.47795237
21.52770242
21.44857887
21.55756654
21.48840975
21.52600779
21.49976550
21.52914979
21.46536254
21.51708858
21.44871813
21.60706017
21.48538900
21.54709150
21.49734162
21.55178125
21.50870546
26.73927233
21.55842554
21.62640429
21.68596767
21.64072392
21.61999146
21.60484496
21.54073079
21.59115783
21.53910679
21.59590204
21.53711633
21.57745863
21.52907417
