43.45437092
30.53044960
30.25713344
30.24604940
30.25133444
30.26900868
30.27079916
30.25495108
30.23254628
30.23936308
64.77325248
30.29470556
30.25781728
30.26470924
30.25058000
30.32887340
30.27281656
30.24865696
30.27236416
30.27322444
30.24001480
30.53321964
30.30636956
30.26891132
30.25239392
30.34045908
30.24077504
30.25294244
30.25572564
30.26756888
30.26698120
30.25013204
30.23688624
30.30269448
30.26113204
30.25884360
30.25596180
30.49453600
30.26177392
30.26849616
30.27908884
30.27008976
30.24744060
37.10037664
30.32625868
30.25344480
30.24794972
30.26283120
30.32957764
30.25499980
30.26991524
30.25089688
30.25614516
30.26863004
30.36374472
30.25820660
30.31391076
30.27347904
30.26530468
30.25860588
30.25920160
30.27218400
30.34410460
30.25488292
30.25395532
30.26072784
30.27919060
30.26166116
30.25137588
30.27011200
30.25567700
30.24727780
30.26787740
30.28568112
30.25370648
30.22902436
30.23465036
30.25197220
30.24014212
30.26141224
30.24873732
30.26271668
30.25825544
30.25143188
30.26041244
30.27858868
30.26608748
30.35936044
30.26453036
30.26890344
30.28153840
30.25388404
30.28494192
30.24571072
30.27654300
30.23831700
30.25501676
30.26189664
30.24869988
30.27369712
30.25389836
30.24083136
30.25015688
30.23116616
30.30852640
30.30875472
30.23021932
30.24984380
30.25406992
30.25197972
35.84468372
30.26424204
30.27489292
30.25413176
30.31054972
30.24661372
30.28252736
30.23686664
30.26680016
30.24285352
30.34811816
30.26158868
30.25409016
30.27072652
30.27268684
30.24999944
30.23791844
30.24264892
30.22889516
30.25126720
30.24477960
30.24260624
30.27415016
30.27931792
30.23461548
30.24701416
30.24643372
30.24822856
30.24271608
30.23333172
30.23464044
30.26383736
30.21932180
30.22831168
30.22992724
30.30395252
30.24465620
30.25378068
30.24801284
30.26695780
30.25655588
30.23896948
30.24477936
30.44147564
30.23604608
34.12200824
30.95025416
30.26256084
30.25815204
30.25706400
30.26444720
30.25739660
30.25264204
30.25759420
30.24854656
30.25429796
30.24216320
30.23886376
30.22468156
30.24606424
30.22857180
30.24076328
30.24921716
30.25685300
50.55285296
36.43006768
31.06103628
31.08234360
31.07506052
30.41315276
30.24864048
30.25661272
30.24540244
30.21737456
30.25572256
30.45483216
30.24449160
30.25966224
30.35365776
30.24577844
30.24767544
30.23548704
30.22877892
30.26431984
30.25360512
30.24564864
30.25241300
30.27201936
30.24611860
30.25892388
30.22471728
30.23267900
30.24163940
30.22844664
30.24771416
30.24007232
30.24037824
30.24023984
30.24659356
30.23368700
30.23852192
30.24794856
30.26357444
30.24056012
30.23739564
30.23070304
30.25081876
30.23714484
30.34017760
30.22633436
30.28743896
30.28500984
30.27462836
30.25000008
30.24615184
30.24198900
30.30019044
30.24051576
30.24112296
30.28782592
30.26469352
30.22902152
30.23987724
30.25730080
30.25974132
30.25103316
30.23763592
30.26322568
30.23956652
30.25611360
30.24010952
35.51421916
30.27337660
30.24118584
30.25087604
30.30170580
31.73063844
30.24879416
30.26735848
30.27869200
30.25318320
30.35603076
30.24771348
30.26788304
30.27295376
30.25774184
30.25639200
30.24758516
30.26524548
30.25425624
30.26380700
30.24596212
30.28903244
30.23837844
30.25650468
30.26082592
30.25910736
30.28747968
30.23817584
30.23712668
30.24896128
30.24821200
30.27150060
30.24521356
30.26108524
30.59163308
30.27782688
30.26107212
30.27283592
30.24437244
30.27613020
30.27440408
30.26066340
30.25136664
30.37110000
30.26363572
30.24548096
30.27128136
30.26747320
30.26556668
30.25262796
30.26589856
30.25780164
30.25222848
30.23998592
30.26392280
30.27174632
30.23140148
30.24157244
30.25790296
30.27035992
30.26924732
30.24003124
30.25953804
30.26666092
30.25654148
30.36178676
35.58328264
30.26434584
30.29914608
30.31368324
30.26997388
30.24506140
30.27714000
30.25743072
30.27985212
30.24261680
30.37190604
30.24942020
30.27064824
30.25206900
30.28480360
30.24092408
30.25135496
30.24502060
30.23621400
30.26443660
30.23896104
30.29484848
30.26352956
30.27429512
30.23451504
30.26643668
30.25090464
30.24323100
30.24273792
30.24481144
42.85820224
40.93181716
31.38199480
30.99003484
31.13082704
30.27306516
30.29156632
30.27328580
30.25792508
30.25693660
30.26573012
30.27847300
30.47093856
30.25709056
30.24156672
30.30462852
30.25295960
30.24911380
30.25386660
30.25299072
30.25244440
30.23232792
30.23861348
30.25074644
30.24498404
30.24426892
30.26698472
30.22420624
30.22336052
30.24817628
30.26228996
30.24672304
30.25451476
30.22357112
30.24443828
35.71544828
30.30515436
30.24269604
30.24422896
30.28863064
30.25081044
30.22946680
30.25288192
30.23421608
30.24576604
30.31696548
30.24482040
30.23689056
30.31593208
30.21533252
30.23656560
30.23077572
30.23690380
30.26472360
30.24214980
30.21407788
30.22893672
30.21527544
30.20597592
30.20319036
30.24353848
30.23136324
30.24000860
30.21268100
30.25593440
30.20789756
30.24288860
30.22717620
30.21797360
30.24764680
30.23953188
30.21325160
30.23924668
30.22620224
30.21876460
30.23663508
30.22731640
30.22049900
30.32283248
30.22610072
30.25082812
30.22919696
30.22122940
30.21833812
30.22954536
30.21412080
30.22729360
30.21429344
30.23795644
30.24346824
30.22647260
30.23209448
30.21011712
30.22375812
30.26796456
30.23059580
30.25035392
30.23531972
30.21587124
30.21423568
30.24929024
35.44496796
30.31342172
30.24915468
30.22543576
30.28990140
30.21732064
30.24775200
30.22094116
30.22195348
30.25110592
30.31835340
30.23426580
30.21958012
30.23591436
30.20628572
30.21664644
30.21490852
30.24396796
30.22126952
30.88996068
30.20907664
30.22696884
30.23045816
30.21941132
30.22827116
30.22972600
30.23230616
30.23621192
30.22547204
30.22603900
30.23437408
30.21331528
30.21094040
30.24029452
30.23937688
30.27542812
30.21628264
30.23738148
30.23078172
30.23963648
30.21722724
30.24846108
30.22986652
30.33656352
30.27377720
30.24796828
30.24161180
30.24133524
30.20684928
30.23710356
30.22931852
30.38115836
30.21073904
30.22885564
30.23710060
30.22338424
30.23874076
30.22574220
30.22926256
30.24037660
30.24191744
30.24823332
30.23785332
40.08675512
38.90081988
31.00932180
36.26743268
31.02881884
30.95010676
31.01963028
30.33199452
30.23947108
30.21708384
30.26040436
30.23057656
30.43926748
30.23726924
30.27997296
30.22569832
30.24507356
30.22637824
30.22994100
30.22534604
30.24772388
30.22253156
30.24885600
30.28265716
30.24074828
30.21486272
30.22987724
30.24627292
30.24234140
30.23647120
30.24562648
30.24665216
30.23821688
30.24652580
30.24646116
30.25054320
30.22747536
30.21440524
30.26536952
30.26061364
30.25284696
30.22927428
30.23588352
30.23915364
30.24245196
30.35033544
30.24770816
30.24524576
30.31099044
30.24878648
30.22621112
30.22918424
30.23691268
30.28534012
30.23808788
30.22168720
30.23112104
30.28095116
30.23428064
30.22819404
30.40801632
31.24891252
31.47004332
30.22919948
30.25994340
30.24701432
30.24545336
30.23088932
30.22775768
35.43201388
30.25146612
30.24551184
30.29831380
31.61298888
30.23444276
30.21346252
30.24979320
30.23296024
30.31816912
30.26300004
30.26224008
30.22167636
30.25966724
30.22604844
30.20659292
30.20183768
30.22839440
30.23066620
30.23242484
30.22283980
30.26488612
30.25765532
30.23239076
30.20579516
30.30087988
30.22662804
30.24863292
30.22858044
30.22124880
30.22491452
30.22274224
30.22290432
30.23873156
30.24566436
30.23741544
30.25596504
30.22202200
30.23483540
30.23557672
30.20685204
30.22177588
30.28634952
30.22336744
30.19556772
30.25464760
30.22039276
30.23342704
30.20438372
30.23819396
30.20568740
30.23298916
30.21463576
30.25206372
30.21387008
30.21278616
30.22452388
30.22804448
30.22018724
30.23433152
30.22675364
30.21191492
30.21851484
30.25066892
30.28047692
30.35117996
35.39797428
30.31586808
30.21884880
30.28707532
30.22698484
30.22268896
30.20937580
30.21561588
30.21082392
30.30494468
30.19456992
30.20588488
30.22343780
30.20283776
30.19915572
30.21673120
30.23156484
30.21966824
30.22520288
30.25315512
30.24645120
30.24136644
30.20811972
30.27362912
30.21562412
30.25253644
30.21121452
30.22805408
30.23000072
38.86036232
39.71360288
30.83847676
30.79614756
31.50674604
30.89586076
30.21820912
30.25052508
30.23446768
30.21493112
30.22462156
30.19957960
30.39977724
30.23623808
30.26686904
30.21784064
30.22102740
30.20754148
30.22224220
30.21869972
30.22718544
30.19144844
30.22795356
30.20945996
30.23519368
30.20550720
30.21824788
30.25392832
30.22463968
30.22864516
30.21433460
30.22331576
30.23966060
30.22074116
30.21800216
30.23483872
30.24714620
35.44989800
30.21325736
30.26847244
30.22609016
30.22870872
30.22326652
30.19775916
30.21308720
30.28816968
30.21015624
30.20272016
30.21688364
30.19989296
30.21949276
30.19180468
30.22892120
30.22769820
30.24446132
30.20216568
30.22664856
30.23904012
30.23979816
30.22395156
30.23279524
30.21732592
30.24327576
30.23661148
30.23876328
30.21177408
30.21932868
30.24260596
30.25819408
30.24944916
30.23012932
30.21126248
30.23815812
30.23137212
30.26274392
30.22522164
30.24594872
30.21314156
30.31993384
30.21307548
30.22799856
30.21021828
30.23542228
30.19340464
30.23138424
30.22181500
30.23970656
30.22190852
30.22780812
30.20241072
30.23730656
30.22550676
30.24642228
30.22453384
30.23886776
30.36357012
30.23352544
30.23278072
30.24316696
30.22765892
30.22913112
30.24548696
30.28480336
35.38678448
30.23117516
30.26608692
30.23262140
30.21632344
30.23019896
30.21678476
30.22539872
30.30198948
30.20980924
30.21701200
30.21977388
30.20634236
30.19695416
30.22199692
30.21789100
30.19444476
30.20912220
30.20576228
30.23272456
30.23425120
30.21920124
30.21455528
30.22236288
30.20341308
30.22104516
30.20257092
30.23321148
30.19923364
30.20657276
30.21415296
30.21320216
30.22453004
30.28207156
30.19619228
30.23719848
30.22516308
30.21900552
30.21830324
30.22691856
30.20717028
30.30874792
30.18138280
30.21581112
30.19613916
30.20309220
30.20707860
30.19378836
30.21176948
30.22597332
30.22052552
30.22956596
30.20663096
30.25710352
30.21554352
30.23364084
30.21701260
30.22651696
30.21133220
30.23261248
30.23158968
30.24911996
48.08363180
31.30303736
31.10346160
36.36547300
31.16056024
31.22347840
31.16262052
30.33925940
30.19556112
30.21325548
30.21632332
30.40478896
30.21733304
30.26037520
30.17216724
30.21943324
30.17546080
30.23270268
30.19186068
30.20467976
30.24080824
30.21066948
30.19839756
30.24712912
30.22117264
30.20804980
30.20054516
30.21631100
30.20062092
30.21968844
30.20502644
30.22140288
30.20702380
30.21155884
30.21237616
30.20010864
30.19506196
30.20848652
30.19599964
30.21252264
30.19649924
30.21091976
30.18415616
30.18282760
30.26762500
30.20936660
30.17535256
30.30684404
30.18986444
30.20512344
30.19726688
30.19995740
30.19663904
30.26306604
30.18634780
30.21960560
30.24399000
30.22996272
30.19613724
30.20478808
30.21518556
30.20924976
30.22979276
30.22430752
30.19683968
30.20902164
30.20884912
30.21059516
30.21558272
35.31189460
30.25305376
30.26239032
31.48640076
30.22733448
30.20719492
30.20611280
30.19003324
30.29083132
30.20868620
30.19821392
30.19177420
30.20323620
30.20966884
30.20800476
30.20497704
30.20573636
30.17922432
30.20144732
30.21059124
30.23059216
30.19374248
30.21072188
30.19504376
30.20324404
30.25748160
30.29277600
30.19289596
30.21631272
30.20144856
30.20325820
30.19191436
30.19151444
30.22729640
30.20975492
30.18183328
30.21908968
30.19805544
30.21430732
30.20047292
30.19882060
30.29097640
30.20666080
30.22177336
30.21633136
30.21227944
30.21682416
30.20860144
30.21718416
30.20141848
30.22147092
30.19131788
30.23661176
30.26008140
30.21860500
30.18142644
30.24320452
30.23022608
30.24334364
30.20809780
30.24764964
30.21856644
30.22213312
30.20999008
30.41394760
30.20453836
30.27556692
35.35897572
30.25988800
30.20397768
30.22331736
30.18971752
30.20972004
30.19297036
30.30376888
30.20672380
30.22442300
30.23198948
30.21459436
30.20570924
30.21195976
30.21099144
30.22063356
30.22403788
30.22647820
30.22295856
30.26798608
30.21349328
30.23582556
30.21706952
30.23645504
30.23395664
30.23823344
30.18505512
30.23263984
50.21948040
31.13602060
31.08935728
31.00625840
30.17868000
30.22838532
