44.52303035
33.37889881
33.13118927
33.23559038
33.11417619
33.11289381
33.10732769
33.10296469
33.30190146
33.10919246
33.21548577
33.09529258
33.10594127
33.21586365
33.11067315
33.12178438
33.24278185
33.14249827
33.09321185
33.14418269
33.13760900
33.17853454
33.13940688
33.13051704
33.10960915
33.13812542
33.13884819
33.16548954
33.13176658
33.17197677
33.14395123
33.16645915
33.12215108
33.14300892
33.11847027
33.14637912
33.10711908
33.13635535
33.17736127
33.21509054
39.90434946
33.20036877
33.08147169
33.11222146
33.16637169
33.13803592
33.09343692
33.10518342
33.09800508
33.15759569
33.09717162
33.14153965
33.10411838
33.18286442
33.11475469
33.17372877
33.11885938
33.16106131
33.14960538
33.19666685
33.13719708
33.17071512
33.14509877
33.18074419
33.16310042
33.14278312
33.11313300
33.12920481
33.18362862
33.15545077
33.14105550
33.13001215
33.12701858
33.11459581
33.13474858
33.18355608
33.19065854
33.13783588
33.11902631
33.14388365
33.14311369
33.12693496
33.14408088
33.14216177
33.14154435
33.10835488
33.10846227
33.12782204
33.11392177
33.13093096
33.14595819
33.29145819
33.14910877
33.18370027
33.13280627
33.16529908
33.11665127
33.12718262
33.21439546
33.17781877
33.07675538
43.80203958
33.13822427
33.09855854
33.13334235
33.12188692
33.06223477
33.08106658
33.07333481
33.12931273
33.09145827
33.10441388
33.11288781
33.11483608
33.09038423
33.07710735
33.11436992
51.11189115
33.57593204
33.53832185
33.63611062
33.18696169
33.10040162
33.22034812
33.12671804
33.13953027
33.17548965
33.12526392
33.34016731
33.21203885
33.17028627
33.15708477
33.07873038
33.17844108
33.20552881
33.12544262
33.11484819
37.45022592
33.11250512
33.12021738
33.07338419
33.12079081
33.07538388
33.12612208
33.09847119
33.10061677
33.06468677
33.13102100
33.08401012
33.10499904
33.08044169
33.14918815
33.13461169
33.16518792
33.13280231
33.13683219
33.17093673
33.14471015
33.21497642
33.17768865
38.24247154
33.21293485
33.14440015
33.20133396
33.14546323
33.18959635
33.09410135
33.19635654
33.11288854
33.10879392
33.07330577
33.08861392
33.06687550
33.08156965
33.11227723
33.12048981
33.08359665
33.13069404
33.12380758
33.11334158
33.10476508
33.11651185
33.10211808
34.60869488
33.10274031
33.19973223
33.16962827
33.17492465
33.29301258
33.19635123
33.15800538
33.16904419
33.11011096
33.12749412
33.11180035
33.10923608
33.13056019
33.17104115
33.14715935
33.18794008
33.15577035
33.13724169
33.12480981
33.23252023
33.15071719
33.10677935
33.07230869
33.07591131
33.12247292
33.12099023
33.12221123
33.10345569
53.49326392
37.81664531
37.63370319
47.98652492
35.37350019
33.32273908
37.98488577
51.15301827
56.06402927
35.30246308
37.37213112
35.86173965
37.55656388
37.33624712
37.77322542
36.78464658
37.07499988
35.52708046
35.25370104
36.54635988
37.49123104
37.06771027
35.93341300
39.51265219
35.58855746
37.58501273
35.34843535
35.92599588
36.39251346
37.16089477
35.76061762
36.97253358
35.92750331
35.10399569
39.11675538
35.95464169
37.80427862
35.47055465
37.38423485
35.28043812
35.87132704
56.45112415
39.11001754
34.88130773
66.69414962
35.58220227
36.95703923
58.22075858
38.16326542
37.34405931
35.94322262
35.48786377
35.48076446
37.32824077
37.14839938
35.21175862
36.12204569
35.68244408
36.03203792
43.70839215
37.22326515
37.58729373
35.87208308
37.59178188
36.79951481
37.64029773
36.31814792
35.32404781
37.14068296
36.07577708
37.89314819
35.26776977
36.26122742
37.98385031
36.48288123
36.64382977
47.49191623
42.73840323
44.04635796
33.30337377
33.16320696
33.15973235
33.11110265
33.33341277
33.13107100
33.23307492
33.12087285
33.11776531
33.16400531
33.13499904
33.12761354
33.24683200
33.12605896
33.13668223
33.10860335
33.16189523
33.16044231
33.17039962
33.14117888
33.19104485
33.15919008
33.18331254
33.17150335
33.19971858
33.13106027
33.17595023
33.16857612
33.14918100
33.19479096
33.19512258
33.11676931
33.13578923
33.13934769
33.22511623
33.13242838
33.14101892
33.13781988
39.42860762
33.12191112
33.22366104
33.12672081
33.19586358
33.14559338
33.24178096
33.12211731
33.13066719
33.13426169
33.19372238
33.18692265
33.19328485
33.12766446
33.14427658
33.14551346
33.16964962
33.15747296
33.17000169
33.18326792
33.19362427
33.14849658
33.17609300
33.13745904
33.16476346
33.10789296
33.26901231
33.16878092
33.18199608
33.13014100
33.13894188
33.16349027
33.15312050
33.13195500
33.13399585
33.11908796
33.16079723
33.11401188
33.17143796
33.12370650
33.13617554
33.11464981
33.15564338
33.10454242
33.15281650
33.10776231
33.15849942
33.16577588
33.16401223
33.16999731
33.15763862
33.15116131
33.21844546
33.15241292
33.17907396
33.15096127
33.27717919
33.14635269
33.14938942
33.12910931
38.52996669
33.15314942
33.16909481
33.11818823
33.12475381
33.13363323
33.09865750
33.13662262
33.12976431
33.18975023
33.11153135
33.12533323
33.13062665
33.14228912
33.12473581
55.18604858
33.63328915
33.21974242
33.16488000
33.16589677
33.14387658
33.21931100
33.14280008
33.20290404
33.11886288
33.13975238
33.30619950
33.21111223
33.14672542
33.19837219
33.15482862
33.17841050
33.14052827
33.21037473
33.13396088
33.15719538
33.13489973
33.15472854
33.13597335
33.12430638
33.13441950
33.14718723
33.25942169
33.13756342
33.12513654
33.14240585
33.11089592
33.14131612
33.12213592
33.14998900
33.10793396
33.16484446
33.18796377
33.18780058
33.16184115
33.16671712
33.24537635
33.22370554
33.19351688
33.15427796
38.56984165
33.17112108
33.18158096
33.20357881
33.12944354
33.18565965
33.12599438
33.16626908
33.13811165
33.13086181
33.10859508
33.11556454
33.14266373
33.15735538
33.13977750
33.20252331
33.11812304
33.12343854
33.14082108
33.15281965
33.15686323
34.62905962
33.19323862
33.18743346
33.16466504
33.19949058
33.23161138
33.20536538
33.36431131
33.19488281
33.15692400
33.16748173
33.14796600
33.19656600
33.14578388
33.17222150
33.12479131
33.12950554
33.12542104
33.12292223
33.12046019
33.23172258
33.10258000
33.16440127
33.14912627
33.15289969
33.15677169
33.15639888
33.12573150
33.15724681
33.14291169
33.19102538
33.16738738
33.16734838
33.12203708
33.18322546
33.27219262
33.20577646
33.15140404
33.31110008
38.37070373
33.21407154
33.21746885
33.19633346
33.15272262
33.18229008
33.12340100
33.18539081
33.13398481
33.13707335
33.16694204
33.17070954
33.12079150
33.15817715
33.13577827
33.14810915
33.12324277
33.35994577
33.18396877
33.13500927
33.13090212
33.16539158
33.15951135
33.16652823
33.13748692
33.17771331
33.21295942
33.17587008
33.18022288
33.21286692
33.17155888
33.18626800
33.17703615
33.21011404
33.15051169
33.17699919
33.13699042
33.17185946
33.13411392
33.15969696
33.13163481
33.17077004
33.11888477
33.14764773
33.10161992
56.31038077
33.52480515
33.48844750
33.51892162
33.50809742
33.42693565
33.47967388
33.17223338
33.13424008
33.14222335
33.34493562
33.20205658
33.17569346
33.21276446
33.21318185
38.51176623
33.24057150
33.17748135
33.21216742
33.16814385
33.19135158
33.15057888
33.16428358
33.15239665
33.18739162
33.15398065
33.16136758
33.13124665
33.14904208
33.14316888
33.23603338
33.11693008
33.11730808
33.11992765
33.13259708
33.14963304
33.15434596
33.13091731
33.14192446
33.09832785
33.23387304
33.16017104
33.18248538
33.16529362
33.13971565
33.12283838
33.18302900
33.17591892
33.21482685
33.19061485
33.19995662
33.15760338
33.16596188
33.13671331
33.15439527
33.14568662
33.16744827
33.14360785
33.17915965
33.12590065
33.16756946
33.14961192
33.11461269
33.14610542
33.17484100
33.14545885
33.18530335
33.13822385
33.12125254
33.13038565
33.13546327
33.25911385
33.19972304
33.11778808
33.11771888
38.28710808
33.26721619
33.14869158
33.15268992
33.17067912
33.16331962
33.17704558
33.15867812
33.16743208
33.19549731
33.19604704
33.17168373
33.12433923
33.18506708
33.11733546
33.17664292
33.16031000
33.14998731
33.13283046
33.14507000
33.09033627
33.14247831
33.13412854
33.16497838
33.12569127
33.14422546
33.23288292
33.12626219
33.14126723
33.18839646
33.13180627
33.17391300
33.16852631
33.14188608
33.10687246
33.19602135
33.21184227
33.20021535
33.17604638
33.19875146
33.19183185
33.18402231
33.17654450
33.17504800
33.12239388
33.15647477
33.14300527
33.17375504
33.17909800
33.16155815
33.13943192
33.16232431
33.14944227
33.12736550
33.11582912
33.13896915
33.22336492
33.13384292
33.13528742
33.15681069
38.15656588
33.18007488
33.19466819
33.11272496
33.15980127
33.14515046
33.15660712
33.15872154
33.17224685
33.13572892
33.15768008
33.14492192
33.11190423
33.14680473
46.10394119
38.88966462
33.16763081
33.18312885
33.15468477
33.15351935
33.15736931
33.19401769
33.11854069
33.15203100
33.13564792
33.31282946
33.12915812
33.16292723
33.12380515
33.13684962
33.10587635
33.15683162
33.10799092
33.15976419
33.11710346
33.15581908
33.12292242
33.13082531
33.12569423
33.18120015
33.16102258
33.18060431
33.15460646
33.19602619
33.15065692
33.19523388
33.17530335
33.13436523
33.18952562
33.23684942
33.15428900
33.16689769
33.10781877
33.12925646
33.09274896
33.23720638
33.14402562
33.12694592
33.14006773
33.10486935
38.30150615
33.18755381
33.09207235
33.18498838
33.13783265
33.13610008
33.13731377
33.15544219
33.11494108
33.13500638
33.10269104
33.22035492
33.15244246
33.18193485
33.13035404
33.14126862
33.12371223
33.16461942
33.14384500
33.14052408
33.12236135
34.52526827
33.16817719
33.09980242
33.13745677
33.20040992
33.14973342
33.13332981
33.14042773
33.14256562
33.13553008
33.10888523
33.10181742
33.07682296
33.14054365
33.19489223
33.16152077
33.11099092
33.15776542
33.16759362
33.17404438
33.10833077
33.18931008
33.14645342
33.17633985
33.13376008
33.18151031
33.17776058
33.15616173
33.14619581
33.20662204
33.13811108
33.16103396
33.12194885
33.12631881
33.21015512
33.27321577
33.11335350
33.13809335
33.10532796
38.21970254
33.19078746
33.16619004
33.11878527
33.13638015
33.11464692
33.13220104
33.13909573
33.12444212
33.12362896
33.15227496
33.12351815
33.16234308
33.11368981
33.14263458
33.12827227
33.23340473
33.25298242
33.24794838
33.20672835
33.21413373
33.14762319
33.19879127
33.14408708
33.15932408
33.19301104
33.20710808
33.12340362
33.17113123
33.12258146
33.15098881
33.08185369
33.11051450
33.11538419
33.12668327
33.09694788
33.14447685
33.11095258
33.15396392
33.17144938
33.14388888
33.12079242
33.17469162
33.12750300
54.35680235
34.26866958
34.22775412
34.30387877
34.31290035
34.19593085
33.19888081
33.17810108
33.13533592
33.15885919
33.18100877
33.28081146
33.18122712
33.24490042
33.14066681
33.13076704
38.25959004
33.17296304
33.15319946
33.11227642
33.16899869
33.13075238
33.17840092
33.07780335
33.12825854
33.11317069
33.15076673
33.15639019
33.17755150
33.12111015
33.13646035
33.10730158
33.14921027
33.15163196
33.15635477
33.11999019
33.20848992
33.15203181
33.28670119
33.15059408
33.14536262
33.25416035
33.20902131
33.17195092
33.18345019
33.14958812
33.15434362
33.10188704
33.22437604
33.13899992
33.16638596
33.14920504
33.13483365
33.31607685
33.15596823
33.15195404
33.16966538
33.12823012
33.17913477
33.11294750
33.20770762
33.14374373
33.17880969
33.15930488
33.20405204
33.11917354
33.20470769
33.15620631
33.19537354
33.14731742
33.18855431
33.26422588
33.21984296
33.18932812
33.19302788
33.16185954
38.21757985
33.23301138
33.18143823
33.15598900
33.16594915
33.32847096
33.14364473
33.12239008
33.18057631
33.16283054
33.17775577
33.14312831
33.15725708
33.15930027
33.16790238
33.13784138
33.19039246
33.15071912
33.18697312
33.15010454
33.20200212
33.16971042
33.19710000
33.12366138
33.23434638
33.25520392
33.21437608
33.19842785
33.22663092
33.16345658
33.21096604
33.17291412
33.18285358
33.14711938
33.18227231
33.13491988
33.17767962
33.15496369
33.18008369
33.22053335
33.14519781
33.12279619
33.16981742
33.12427858
33.18040838
33.16330096
33.17697750
33.16549777
33.16698365
33.14361546
33.17795223
33.13905008
33.18279881
33.15858296
33.15712608
33.23913408
33.24523381
33.16012623
33.19179692
33.15622465
33.20364162
38.23200373
33.21030746
33.17317173
33.16744654
33.12073919
33.18047627
33.14315542
33.17310131
33.11937769
33.15863012
