38.81478356
34.56545293
34.33257911
34.30549648
34.36996630
34.32154126
34.30983207
34.31452244
34.33773189
34.31481459
34.37184874
34.31803444
34.30343848
34.42495956
34.40989044
34.30955985
34.53796370
34.74624370
34.39416426
34.32271581
34.33881596
34.33662522
34.34609963
34.45042452
34.33243959
34.32156304
34.36329807
34.31796744
34.33518644
34.30983119
34.34486637
34.30886981
34.33019467
34.34077515
34.33160581
34.32231474
34.30059181
34.34734837
34.34191978
41.18778907
34.34798800
35.83472352
34.34493663
34.53113593
34.36630141
34.44726863
34.42123674
34.34104737
34.35175411
34.32609674
34.34956378
34.32886696
34.33792504
34.32752007
34.34246333
34.32527989
34.33938885
34.34665756
34.41777744
34.35511707
34.38746385
34.34040607
34.31893670
34.30668393
34.35346437
34.31743189
34.33134763
34.34019248
34.32338974
34.33911248
34.35350522
34.33876304
34.32223519
34.32002385
34.40584552
34.32838633
34.43896956
34.33305926
34.32505904
34.30670270
34.31859470
34.40154163
34.32874463
34.32667256
34.33960970
34.34482007
34.30951663
34.35418281
34.35024626
34.37217515
34.31248944
34.37155189
34.32746341
34.31336530
34.32287537
34.47840859
34.37185233
39.83161511
34.32263774
34.31031878
34.33081604
34.36791896
34.33938815
34.38081715
34.35544352
34.32827500
34.36975078
34.33106904
34.33345352
34.34814085
34.30110637
34.32865026
34.33806133
34.33400026
34.31825352
34.31601748
34.32469167
34.35888081
34.33575337
34.33939270
34.32092156
58.26596567
34.37780433
34.33618122
34.32543374
34.31142141
34.33012170
34.31493463
34.37177041
34.42831515
34.30235700
34.37979530
34.56920330
34.38217133
34.31330989
34.47073681
34.33215270
34.31356122
34.32519456
34.34400733
34.34573230
34.32548541
34.34797559
34.31914089
34.33238448
34.34723433
34.30883348
34.31458963
34.39323037
34.33929830
35.01879333
34.31583781
34.32387633
34.33170774
34.32497174
39.85518474
34.33626570
34.33931363
34.32692722
34.35014400
34.32923078
34.42823167
34.32349522
34.34111148
34.47957907
34.34531407
34.34403644
34.34916641
34.38267037
34.34517000
34.35022926
34.34557274
34.36651311
34.29806489
34.35485822
34.33685933
34.34680485
34.32490300
34.32595459
34.34256163
34.34842552
34.35270863
34.38193389
34.33961111
34.31062689
34.37987370
34.32256893
34.34376507
34.33288407
34.33418041
34.42020685
34.34836741
34.34146704
34.30114963
34.30294956
34.29158137
34.34417411
34.32118359
34.31677967
34.30892674
34.33221437
34.32154459
34.31594933
34.37102022
34.40075889
34.32115267
34.34114215
34.33956578
34.31060489
34.44067367
34.33783130
34.30876304
34.36837711
39.55693104
34.33737700
34.35119870
34.34951770
34.35853907
34.29957874
34.38493470
34.35231233
34.29267993
34.31989096
34.31528500
34.31624678
34.34078781
34.35162889
34.31404874
34.30146011
34.33985296
34.33028774
34.32622189
34.34596763
34.33190200
34.29886911
34.32888359
34.30605270
34.32868437
34.32022385
34.30855174
34.36160011
34.35240544
34.30191296
34.33141093
34.33321248
34.36100485
34.31372126
34.34529678
34.41455096
34.31935937
34.35746952
34.32555244
34.34002226
34.32204478
34.47866437
34.32698730
34.30992052
34.29177830
34.32251174
34.32653263
34.34409167
34.31840015
34.33354556
34.32355693
34.32576848
34.37578167
55.13122385
34.96782144
34.94214244
34.75808626
34.36938563
39.64453300
34.32512993
34.33314874
34.37135796
34.31718463
34.52308826
34.38507033
34.33318289
34.34045152
34.33200370
34.34285985
34.31930522
34.30184207
34.32350959
34.31291404
34.31846041
34.32091152
34.32532574
34.30738570
34.33926337
34.32313004
34.34608670
34.34129244
34.35714815
34.31730589
34.34235030
34.34139804
34.33329233
34.35408237
34.31807248
34.32682933
34.29810085
34.33047563
34.33037333
34.39268326
34.31672322
34.33847241
34.33404644
34.33646722
34.33133293
34.32795996
34.35623948
34.44230478
34.34523541
34.30798959
34.33450867
34.30206885
34.32534256
34.31906085
34.32327004
34.35043730
34.32400663
34.31131507
34.31886619
34.34390711
34.35777459
34.33349185
34.34336793
39.51033548
35.72007867
34.34448556
34.36846474
34.33107993
34.40859111
34.39539430
34.33577719
34.33166619
34.33951133
34.31560800
34.34937459
34.35716296
34.33009130
34.33766311
34.32848304
34.31830644
34.29758711
34.32657385
34.34876248
34.36843122
34.32420878
34.33395519
34.30772081
34.31208267
34.31788967
35.51931789
34.32682011
34.58057656
34.31206811
34.31461978
34.36928663
34.31460726
34.31309000
34.42363067
34.30436363
34.30455881
34.32184559
34.30091381
34.33634348
34.30829770
34.35447611
34.32430937
34.39198985
34.32040807
34.33912930
34.32690893
34.32521381
34.33888556
34.32760930
34.29786507
34.33279993
34.32740296
34.30248252
34.32425911
34.45186444
34.44057767
34.33872785
39.40536059
34.36022741
34.34599833
34.40977256
34.33279159
34.47823989
34.30573252
34.33770948
34.33819819
34.33521456
34.30825589
34.35312015
34.31661326
34.32334615
34.32692389
34.36992689
34.36472874
34.33494152
34.34376393
34.36267793
34.33556674
34.35859670
34.32919285
54.16473493
35.05062967
35.12419052
35.15783415
34.99398578
34.49263130
34.34295741
34.36934337
34.34301707
34.31846778
34.37137726
34.49819667
34.39736559
34.34513726
34.34708948
34.36925315
34.33309619
34.36938993
34.32755415
34.33903485
34.32870411
34.32115378
34.34218556
34.32755993
34.35004048
34.32914200
34.33537981
34.34524648
34.34644756
34.33818896
34.33162185
34.33577967
34.32601419
34.34775348
34.34160378
39.74682896
34.32086407
34.32713667
34.34484556
34.32906211
34.40621452
34.34319204
34.34320426
34.32159037
34.33692752
34.32964907
34.34663763
34.39665722
34.35845733
34.34665363
34.44659478
34.33577611
34.32814674
34.34838426
34.34993359
34.34978052
34.34763648
34.32975093
34.33298670
34.33368863
34.36075363
34.34006444
34.34818211
34.36059326
34.36438178
34.34765233
34.37485685
34.34233667
34.33608285
34.43270044
34.34059248
34.33226178
34.34397119
34.32564870
34.33934363
34.34330807
34.37545944
34.34458544
34.35700348
34.32160581
34.36224581
34.33470489
34.33481537
34.38413633
34.33908730
34.30773659
34.35616815
34.30755719
34.34240759
34.33539770
34.64722122
34.35402048
34.41540056
39.50969289
34.33120822
34.43045056
34.38799715
34.36445322
34.42205244
34.35862730
34.35482248
34.33379970
34.30675778
34.33500789
34.37405222
34.31926589
34.34856207
34.32572304
34.35793159
34.34056856
34.42976219
34.34707337
34.30682285
34.30315344
34.32955100
34.32591881
34.32898974
34.32346819
34.32168333
34.37665037
34.33730322
34.37023826
34.35148385
34.35177011
34.37268281
34.31792122
34.35304763
34.41145537
34.36846763
34.32847215
34.31557207
34.32982237
34.30958644
34.29651456
34.30741596
34.30094152
34.33736519
34.32896615
34.35520667
34.30528537
34.33886437
34.34848781
34.32781896
34.35758522
34.32991004
59.67191159
34.74515015
34.56560063
34.53585896
34.59455089
39.55516126
34.36072437
34.37332748
34.34343878
34.34171719
34.55332974
34.37745744
34.34094241
34.34438207
34.34261119
34.33994863
34.32991919
34.34067733
34.33421670
34.32988589
34.34534815
34.36167407
34.34727304
34.31793796
34.36981148
34.36575815
34.35210778
34.32956952
34.33333656
34.34366333
34.35319011
34.31443174
34.33089974
34.32665478
34.33062663
34.34641085
34.30721922
34.32774974
34.36019656
34.41976119
34.38699278
34.32916689
34.34177844
34.32258833
34.33476315
34.35331130
34.41054652
34.33847456
34.33372137
34.34551104
34.30590800
34.31804522
34.31549159
34.46229407
34.32624163
34.32266211
34.34107100
34.34128459
34.34596833
34.34888433
34.33774719
34.38495689
34.36611489
34.36900926
40.82976207
34.35688470
34.37721137
34.36156119
34.42222474
34.36964589
34.36264137
34.33649467
34.33932704
34.31720285
34.34913156
34.34718374
34.33176489
34.35585481
34.34974219
34.31969052
34.31658548
34.34214426
34.36942411
34.30824633
34.31775700
34.32855841
34.31465259
34.33949659
34.31669944
34.37205474
39.40090867
34.32567152
34.35284841
34.35020219
34.36170122
34.34621515
34.34789870
34.39357315
34.34774630
34.36384333
34.32369567
34.30840596
34.32375504
34.35838644
34.35111048
34.33685544
34.33662389
34.38120007
34.33096752
34.30735804
34.33545826
34.33930041
34.33551193
34.36430715
34.33163611
34.36006519
34.32130633
34.33851126
34.45633037
34.41487785
34.34155722
34.37118707
34.32957704
34.32019893
34.48599852
34.41136544
34.43623426
34.43860770
34.34403493
34.36824596
34.36288611
34.32747063
34.32192578
34.34436752
34.35897863
34.35365137
34.32394448
34.35522563
34.34965085
34.35264337
34.33641737
34.34345230
34.33978781
34.33257422
53.06624522
34.99903544
34.96332293
40.03968541
34.56675237
34.38576148
34.34786581
34.39002385
34.32923830
34.35771830
34.53255989
34.39460541
34.36244474
34.36507230
34.35559233
34.33488752
34.31219930
34.33015152
34.32309222
34.31379437
34.33707296
34.35274600
34.30268656
34.34652763
34.32678533
34.33684789
34.35531470
34.36421456
34.37567619
34.37931941
34.33751726
34.32497604
34.34236448
34.37614430
34.32774626
34.35268648
34.35011744
34.34001200
34.37672081
34.41447981
34.36398426
34.36444585
34.35573174
34.34116204
34.35805767
34.33281226
34.33146515
34.39641915
34.32904948
34.36397619
34.34319256
34.33003289
34.33499963
34.33057107
34.33386781
34.35160270
34.35566159
34.44879256
34.34585578
34.33894193
34.36752311
34.34368144
39.37599900
34.36433752
34.33097122
34.33982185
34.33795141
34.34214667
34.41363089
34.33392307
34.36906607
34.33469315
34.32248481
34.32771885
34.35582841
34.35192793
34.36148741
34.34208896
34.38137993
34.33327796
34.33963819
34.32608885
34.31697281
34.39035796
34.34975556
34.36531533
34.33080437
34.34837193
34.37294385
34.35103496
34.36840993
34.35620267
34.37830811
34.34398807
34.34553000
34.32627633
34.39397148
34.33684459
34.44075130
34.34135970
34.35891819
34.32426426
34.35399196
34.33730607
34.36293344
34.34689856
34.34843937
34.36005730
34.35458267
34.34868148
34.36619878
34.34940033
34.34211348
34.35492389
34.35151115
34.36000659
34.35183996
34.31974970
34.35127456
34.36313174
39.36728663
34.33820163
34.37163544
34.34828511
34.33627344
34.34463915
34.37930559
34.41526881
34.33804574
34.33478678
34.34105404
34.32905681
34.35220722
34.32943056
34.35184411
34.30849052
34.32236581
34.36069841
34.38434878
34.34194922
34.34025693
34.32625374
34.37566204
34.36018852
43.65255670
42.72460881
34.68422722
34.78771511
34.83369233
34.55269433
34.37350781
34.33108163
34.35106507
34.33397896
34.41570981
34.56890533
34.36217156
34.38260867
34.33747993
34.32054215
34.32362904
34.32267100
34.33936959
34.32588967
34.35837141
34.32701930
34.34751556
34.34303815
34.33376870
34.32061433
34.34640252
34.35007093
34.35674870
34.34388763
34.36186563
34.33289396
34.34559333
34.33969893
39.57515493
34.35498870
34.33288396
34.34063530
34.34485033
34.32962285
34.43939667
34.36143059
34.34298819
34.33903452
34.38651426
34.34707115
34.39301593
34.37367259
34.35847844
34.33338933
34.36499948
34.33690785
34.36094693
34.31772063
34.32971226
34.33035044
34.34727485
34.34860411
34.32078152
34.35029319
34.33646093
34.44043226
34.35443159
34.32914715
34.32947756
35.67490637
34.33009285
34.32643815
34.38229726
34.40355089
34.32836630
34.34706370
34.32884878
34.33052096
34.34858807
34.31037811
34.35394526
34.32640385
34.33921352
34.32149707
34.34529389
34.31229763
34.35244256
34.35611474
34.35208919
34.33828289
34.32887885
34.36347907
34.36509893
34.34888559
34.34116219
34.36654963
39.44082993
34.41377493
34.37263419
34.30537011
34.34361763
34.35953074
34.42379730
34.34282822
34.34373237
34.33043737
34.32729652
34.33914811
34.37992122
34.33242178
34.39001585
34.34911996
34.36774070
34.33745985
34.35228174
34.35180019
34.33795515
34.34079674
34.35901181
34.31840826
34.35358774
34.33741307
34.33886952
34.46493189
34.38026733
34.33708952
34.38508085
34.31312456
34.35712967
34.33289489
34.38416485
34.41771863
34.39331481
34.33807804
34.34469133
34.33294219
34.32334648
34.31403293
34.35090085
34.30825348
34.45360989
34.33147307
34.36580170
34.33817726
34.35643385
34.32381485
34.33921544
34.32070074
34.34222237
52.05999544
35.86283744
34.95852363
34.76226074
39.61895663
34.37522122
34.35101030
34.36624615
34.32676093
34.34677259
34.39509659
34.46772619
