38.79776575
36.07521521
35.79029711
35.65624739
35.67472793
35.66006750
35.63618957
35.63417764
35.75690086
35.67774196
35.59052839
35.66070482
35.62006671
35.75095493
35.62725125
35.64646489
35.62783914
35.68553743
35.63723839
35.66378893
35.60544957
35.63903964
35.63177204
35.64506246
35.63878761
36.00906493
35.64044807
35.65844261
35.59164671
35.72601450
35.66863589
35.66920475
35.63546018
35.63405396
35.63543718
35.64461614
35.62422993
42.31735775
35.67418686
35.63442175
35.61448332
35.70713454
35.62550329
35.66692121
35.62907986
35.60445761
35.63358064
35.63054436
35.61339775
35.61347289
35.61085650
35.60983600
35.61761382
35.62531421
35.61716321
35.65382100
35.61209575
35.70339157
35.61201543
35.66402211
35.61565161
35.62454418
35.62901043
35.73250371
35.64126986
35.65300700
35.62452864
35.61055707
35.68485407
35.64356332
35.62049432
35.61040675
35.61433100
35.61878154
35.60291364
35.60502268
35.61893446
35.62394946
35.64543493
35.63323082
35.62243429
35.62596789
35.64443525
35.61041693
35.61538496
35.72412096
35.63626379
35.60470432
35.61636961
35.63296575
35.63183861
35.61799757
35.61232168
35.61880243
41.00560882
35.62844296
35.61098071
35.69906100
35.60287957
35.60595068
35.61683329
35.61813525
48.01750714
43.51062471
35.61571486
35.63148143
35.61522389
35.63023111
35.65155164
35.62385464
35.62778125
35.62919161
35.72745268
35.75969243
35.66325593
35.63916221
35.64940329
35.62512161
35.65505768
35.61260521
35.60002021
35.64441207
35.58976611
35.63116564
35.60021539
40.22513907
35.62674057
35.61457561
35.64134143
35.61430293
35.63151629
35.66160329
35.63008354
35.60314136
35.61911279
35.63244775
35.62313364
35.62162329
35.64292821
35.61784854
35.70039100
35.65061400
35.64087196
35.61588136
35.60671489
35.62422414
35.61356568
35.68760796
35.62947136
40.94206475
35.61053786
35.64342446
35.65852611
35.59684796
35.60905004
35.61929650
35.62517950
35.59454264
35.58426154
35.62971032
35.60841564
35.63201796
35.63341454
35.64504793
37.15234761
35.63438943
35.61979896
35.76219796
35.70609000
35.63342371
35.66114125
35.64977243
35.61566007
35.63738721
35.63815829
35.63017632
35.63250200
35.60984839
35.63703879
35.61094132
35.63152904
35.60520961
35.69870929
35.64276714
35.61266950
35.62414482
35.63425507
35.65658771
35.60397018
35.63194964
35.59664496
35.61299657
35.62174582
35.60511750
35.62997396
35.62309386
35.68259475
35.64355057
35.64673875
35.65150729
35.60485054
35.61195675
35.66619786
35.62271557
35.62793443
40.67882204
35.64603550
35.62444093
35.67920464
35.63859100
35.61327193
35.62213514
35.63688943
35.60867939
35.65772939
35.61983593
35.65463193
35.75964007
35.61986575
35.62444704
35.60700214
35.59902564
35.64521300
35.59281846
35.67989357
35.63262575
35.61277207
35.63645371
35.61562818
35.62145964
35.59321264
35.61760550
35.62846379
35.63051482
35.62951764
35.60974086
35.61678011
35.61474521
35.59691314
35.62991289
35.61951418
35.61900093
55.59458743
37.02988968
36.99626661
36.96601925
36.25946025
35.62869707
35.64142871
35.64458868
35.62032271
35.70444739
35.73720968
35.69694036
35.62316521
35.65183936
35.61638736
35.62029389
35.61536411
35.60475550
35.69799471
40.81796236
35.61722896
35.64325871
35.64380143
35.63147525
35.62289086
35.60213296
35.61917014
35.62282450
35.58787850
35.63291300
35.61537236
35.62645293
35.64412532
35.63164607
35.63001443
35.65738754
35.61751929
35.63914486
35.79342936
35.64861179
35.63767961
35.62572771
35.63268582
35.64064661
35.67915725
35.65484554
35.61663464
35.66145986
35.62313682
35.63362214
35.62040682
35.63322025
35.62867596
35.63067229
35.61169764
35.61168793
35.60558439
35.62157793
35.59741296
35.61739189
35.62334171
35.65745993
35.60836161
35.62975818
35.59212532
35.60437571
35.68650239
35.62909964
35.72339332
35.62075446
35.61089704
35.62413632
35.65564489
35.60893932
35.60372529
40.67650836
35.61010746
35.63813214
35.66192089
35.65594111
35.60506504
35.62598250
35.61845854
35.62786739
35.60038800
35.61456757
35.60376714
35.61859786
35.58120318
35.60621146
35.61159089
35.59258446
35.60968675
35.61802782
35.69803571
35.62629175
35.61066043
35.65312836
35.65104089
35.63579386
35.66609811
35.60323068
35.62062971
35.64100114
35.61386957
35.62395843
35.58821032
35.60981739
35.63623104
35.60675439
35.61113429
35.63026036
35.62386011
35.63571493
35.66807454
35.65001818
35.61918704
35.63424457
35.59418264
35.60416764
35.63052811
35.62827175
35.70401639
35.62028082
35.63838407
35.61859289
35.63646157
35.63361625
35.61354132
35.64318993
35.62653479
40.69247104
35.62703529
35.63027393
35.68097250
35.63152611
35.61629318
35.64009275
35.62052839
55.66319968
36.36240218
36.71454846
36.53725900
35.66095379
35.60502164
35.60743157
35.64248700
35.60570636
35.61311664
35.77683407
35.64844600
35.61215693
35.61170675
35.62244421
35.61435882
35.63074754
35.61354725
35.60456064
35.58802289
35.65174207
35.58989421
35.58824307
35.62620307
35.57795861
35.60262764
35.59877025
35.60449604
35.61562079
35.58460707
35.57431436
35.58260243
35.59754650
35.60450711
35.61403196
35.57642271
35.56735261
35.60278686
35.66121632
35.61315250
35.60815857
35.59918457
35.56930746
35.63249982
35.60038982
35.66670957
35.57963968
35.64182461
45.85963679
35.60915054
35.64142786
35.62594129
35.61104268
35.63404071
35.60328789
35.60791571
35.62147261
35.61614300
35.63014643
35.58847114
35.63229364
36.95749071
35.66413982
35.62429361
35.59974554
35.59691139
35.73580100
35.60645261
35.65009682
35.66613296
35.66661361
35.64894321
35.73508364
35.64878346
35.63924100
35.69627696
35.61769618
35.61941807
35.62133250
35.61570232
35.68660618
35.63122914
35.61622200
35.62191689
35.62425325
35.59144300
35.63424754
35.61534343
35.63834954
35.61232764
35.59773414
35.60066057
35.61063061
35.60653496
35.68139682
35.62009593
35.59955229
35.60097821
35.60485232
35.57308143
35.60062461
35.58397432
35.59400368
35.59395918
40.60010061
35.63126025
35.69325382
35.61072414
35.64284736
35.61404407
35.61318464
35.62377464
35.60535207
35.61375311
35.71275836
35.65567629
35.59146579
35.62701693
35.62393593
35.60070150
35.61887429
35.61805861
35.69001839
35.60278500
35.61246486
35.59434414
35.61873757
35.59963593
35.61648979
35.61988857
35.62107364
35.66556325
35.61853764
35.63380171
35.63219911
35.63383157
35.64041096
35.65647729
35.64132557
52.46977171
36.05824132
36.10921814
35.94423507
35.59333546
35.61290593
35.62275039
35.59694464
35.60792282
35.62520789
35.75426004
35.64285875
35.60847525
35.64151318
35.60910525
35.61872471
35.62230104
35.60481896
35.66562350
35.66955371
40.78679007
35.66480189
35.57824518
35.66398439
35.58136800
35.57720818
35.64772982
35.65195786
35.63523386
35.61459725
35.61011471
35.61816500
35.61119532
35.62391496
35.62393039
35.60417293
35.64780604
35.62036611
35.67809082
35.61226129
35.70624164
35.60305900
35.60473264
35.62098700
35.60824811
35.65328018
35.59368179
35.62445682
35.60317364
35.61252693
35.61669989
35.60881225
35.60909568
35.62605771
35.61963475
35.62410700
35.62084525
35.64374132
35.61374818
35.60388700
35.61304146
35.62712064
35.65447843
35.60134168
35.60988432
35.62327264
35.69877761
35.63197689
35.61199046
35.60275671
35.61579146
35.61090611
35.59816454
35.59884339
35.58410618
35.65335232
40.77329971
35.71502543
35.60442804
35.64983514
35.66272850
35.63413246
35.62235946
35.61225536
35.60252729
35.59538104
35.59294832
35.58835607
35.60466525
35.61408407
35.60672018
35.63108136
35.59322839
35.61347318
35.68409979
35.64668371
35.61514382
35.64307675
35.58250800
35.58008982
35.61271818
35.58470243
35.57177936
35.57997929
35.61514779
35.57653971
35.62133432
35.61469468
35.58534439
35.60158786
35.59310943
35.59534629
35.59402357
35.57900282
35.57541221
35.62795636
35.58649339
35.61203050
35.57156493
35.60004814
35.62643275
35.60172757
35.68443518
35.62205339
35.62665571
35.61155411
35.59492250
35.57401882
35.58380889
35.61332989
35.62138521
35.59827275
35.60344164
40.59984489
35.61295200
35.66113675
35.62383432
35.59981861
35.62057454
44.50858364
46.76435161
37.06345257
37.09622468
35.66732321
35.60148957
35.61855579
35.61057800
35.60256843
35.60015361
35.70971504
35.75585918
35.63820346
35.63369889
35.61540000
35.60869743
35.61231232
35.61321339
35.86267479
35.61777232
35.60433079
35.62455789
35.61966939
35.61240639
35.61782011
35.62310993
35.62522793
35.62391661
35.65324007
35.61215479
35.62116796
35.59987468
35.62819221
35.59612750
35.62691386
35.62426696
35.58911961
35.60290318
35.62051925
35.68567732
35.63921811
35.60029039
35.61731750
35.61903429
35.59319354
35.65170743
35.62581461
35.60168704
35.59139150
40.93679479
35.68416271
35.66641382
35.62929057
35.63316129
35.60369250
35.60568600
35.60790521
35.61673354
35.61935129
35.61130286
35.61972671
35.61211171
37.03183864
35.64826764
35.62695604
35.61666661
35.64784168
35.70265543
35.65260861
35.62254718
35.61509229
35.59164525
35.62177271
35.59254025
35.62736111
35.61461175
35.64800679
35.59137507
35.59893968
35.86141471
35.65903132
35.63246075
35.62846871
35.61691361
35.58697025
35.61427104
35.61186354
35.60999343
35.61597950
35.61138461
35.60523764
35.58047693
35.61697275
35.63246904
35.61301043
35.65801054
35.64185146
35.61190579
35.59062282
35.62060804
35.61701629
35.61747029
35.62851339
35.58513607
35.61297143
40.66714464
35.63800221
35.67052207
35.62433046
35.61242979
35.60482904
35.62098807
35.61733768
35.63840686
35.63520143
35.72834171
35.59763721
35.59699161
35.60189579
35.58639500
35.63087493
35.60606950
35.61455411
35.71845896
35.64214850
35.59976182
35.60101039
35.57880657
35.60650971
35.61404361
35.61045886
35.61919207
35.61643339
35.58704275
35.60758939
35.57583368
35.69220021
35.61954275
35.59901032
35.59205721
56.29495718
36.74869818
36.69697804
36.70847361
36.62872871
36.47913382
35.60209807
35.59580564
35.60279643
35.58747018
35.74551075
35.59223750
35.64434246
35.58092814
35.59783500
35.59100396
35.61161968
35.59489471
35.60685493
35.63758721
35.59425761
40.80280521
35.65928011
35.60942286
35.80630743
35.58233129
35.61628368
35.61176971
35.58523407
35.60741243
35.60485139
35.58316018
35.61248364
35.60649839
35.57572439
35.57964432
35.63270671
35.58308921
35.66567236
35.70597114
35.61158489
35.59219461
35.60646325
35.58379543
35.58775186
35.64737568
35.58542421
35.59009618
35.59822311
35.58859218
35.62820046
35.57371357
35.61868879
35.63456846
35.59179889
35.58678707
35.60818532
35.59471861
35.62109868
35.58974557
35.61402393
35.63432364
35.64071054
35.60643796
35.62588854
35.61607525
35.69642350
36.25075921
35.64296054
35.58522861
35.59878521
35.60535471
35.60529304
35.63090839
35.58568625
35.61326011
35.62702289
40.61206586
35.62369929
35.64386854
35.65522818
35.60277596
35.69761350
35.61293232
35.62017175
35.59323271
35.61651600
35.61875357
35.61764750
35.62103554
35.60429296
35.60484457
35.62499350
35.58713254
35.69619186
35.61604346
35.61550454
35.62506829
35.60981979
35.59457875
35.62145739
35.60914936
35.61644764
35.58505307
35.60828282
35.59859079
35.60918368
35.58547932
35.60261282
35.60065700
35.58886371
35.58807154
35.59683454
35.59288546
35.60303564
35.62405246
35.59477246
35.59423225
35.63261604
35.60986493
35.60922196
35.60652829
35.66838332
35.61271557
35.61698846
35.60159654
35.63051218
35.60540746
35.80143104
35.58470818
35.58516796
35.60128643
35.61571457
40.57538654
35.64243189
35.65240379
35.60130089
35.59799629
35.61809318
61.20219014
36.60927364
36.44785861
35.63130886
35.61819793
35.61526246
35.63384529
35.61905396
35.63575943
35.59908843
35.78577368
35.62915682
35.65430875
35.61801414
35.63475204
35.62324643
35.61802896
35.63090232
35.59417100
35.65232121
35.61362968
35.62923029
35.60535146
35.60345186
35.61812296
35.60968668
35.61342393
35.62082007
35.61532275
35.60010529
35.59120118
35.60722100
35.57061789
35.60517171
35.59055504
35.61195154
35.60723589
35.59281354
35.69599868
35.61986136
35.57043204
35.62305532
35.58376718
35.60149136
35.62851654
35.67108721
35.60762789
35.60944679
35.63566750
35.61264061
40.79069843
35.63254086
35.60329896
35.63062482
35.63587007
35.61652604
35.60921864
35.60223432
35.61606850
35.59595929
35.58780668
35.59889825
