77.26245441
37.57601931
37.37028383
37.36626797
37.28184438
37.42246376
37.21337569
37.21042521
37.22631486
37.16879852
37.22525086
37.27126514
37.12142945
37.17861131
37.20577769
37.18817703
37.30785324
37.35620659
37.26483872
37.19451255
37.20337738
37.23896845
37.22493534
37.20558817
37.19839645
37.44309759
37.24035259
37.22887152
37.18322917
37.22508834
37.20814938
37.24964679
38.53979190
37.44444714
37.18958714
44.01248059
37.22602745
37.23548697
37.25995586
37.24899069
37.22922593
37.27303934
37.20889159
37.23417197
37.21410362
37.22485338
37.24118231
37.17227445
54.82181238
37.51285352
37.42906145
37.76575738
37.19849200
37.24736976
37.23578207
37.24451255
37.16526934
37.20073776
37.39820293
37.33619979
37.25689993
37.25788579
37.19469617
37.22849928
37.21877307
37.28528521
37.21666600
37.22852366
37.25041810
37.23075348
37.21847069
37.30495252
37.17371331
37.24483459
37.22168697
37.20982655
37.14899455
37.20093341
37.16396545
37.22369907
37.19129597
37.19435869
37.19757062
37.19162393
37.21548945
37.32040948
37.18302210
37.15543607
42.91162966
37.19912410
37.17623990
37.27126476
37.32396617
37.21395459
37.17844086
37.22811410
37.20756524
37.23450079
37.16306459
37.21766893
37.18439328
37.20750852
37.21539579
37.23002428
37.17575369
37.25375134
37.22252041
37.22702686
37.15773607
37.24491259
37.23354979
37.26308986
37.27025283
37.29280779
37.23387379
37.22882941
37.20295976
37.18209845
37.16980390
37.29271617
41.65943948
37.22624159
37.20921841
37.20636659
37.18823645
37.29255179
37.18860945
37.18276848
37.18754362
37.21654779
37.15763579
37.23076272
37.17562290
37.16487548
37.20593062
37.21916914
37.21484424
37.20853007
37.21845014
37.32864000
37.26661193
37.22734610
42.32877279
37.25788424
37.16886669
37.28595407
37.26198176
37.46343083
37.24177962
37.21041931
37.23573952
37.22884752
37.23953417
37.24829297
37.22862376
37.23002838
37.21564779
37.26064859
37.22574045
37.23249179
37.16180110
37.20434324
37.18621955
37.22133700
37.21486386
37.31072997
37.26177528
37.23777066
37.17817666
37.20647824
37.17923128
37.16405700
37.22807041
37.21625124
37.20123776
37.18729652
37.20687707
37.22595931
37.16367576
37.22243883
37.16522969
37.20878631
56.08929741
37.63646128
37.78168276
37.23047362
37.18116221
37.24158324
37.21670583
37.22229986
37.21957172
37.25661793
37.31371048
37.27581724
37.24671566
42.50016721
37.18072745
37.22027121
37.25118110
37.20757493
37.22426728
37.29781248
37.19457362
37.25198562
37.20124459
37.18333228
37.22502490
37.24067110
37.21222886
37.23451148
37.16770407
37.21597686
37.23777245
37.23442076
37.19084172
37.23507841
37.20452717
37.26190448
37.27678076
37.24556793
37.18229783
37.20935945
42.23878441
37.19338669
37.21618245
37.22889934
37.19502210
37.19115455
37.21603497
37.18879397
37.21903455
37.20569041
37.20282817
37.24450207
37.20590745
37.20139134
37.18090107
37.21563745
37.19007459
37.23931217
37.20591714
38.62947748
37.16062693
37.23546107
37.19489621
37.28529221
37.20009328
37.27247245
37.22621431
37.25001359
37.23685934
37.28008686
37.23495169
37.28954559
37.23192286
37.27555059
37.24619631
37.20074003
37.28422572
37.23472052
37.19754848
37.23718283
37.20760817
37.21550203
37.28042524
37.30290607
37.35043362
37.33171517
37.32135641
37.36183369
37.28266490
37.34786369
37.38294648
37.32935493
37.34148031
37.33453400
42.36435507
37.34565207
37.26941534
37.35973724
37.29220355
37.36611979
37.27457659
37.39996348
37.23381659
37.23341348
37.18474476
37.20994148
37.22078707
37.21834362
37.25018131
37.34950310
37.20553407
37.24670879
37.20773859
37.21222417
37.21068738
37.23618028
37.26946148
37.24250159
37.22182921
37.21053266
37.20587376
37.19960038
37.18752141
37.25713476
37.16596414
37.20241728
37.17249814
37.17806859
37.19560648
37.33244707
37.18475079
37.21973031
37.20526538
57.08635186
37.79680831
37.65799921
37.18429141
37.20496462
37.16312324
37.21189962
37.20683955
37.19939766
37.27926607
37.39346848
37.25869103
37.24213300
37.24148745
42.43474559
37.27197186
37.24270590
37.19445159
37.19943721
37.19460559
37.25204662
37.24863503
37.21883590
37.28264428
37.22708807
37.14304348
37.24618048
37.22626734
37.27898986
37.21119355
37.27702438
37.33030490
37.32551476
37.31636883
37.33854979
37.32637379
37.45186069
37.34935666
37.39259797
37.29730545
37.38607531
37.34910834
37.35450352
37.43997876
37.23478003
37.20098952
37.17889224
37.19262752
37.23137141
37.21652821
37.26269203
37.16515331
37.25515990
37.21378803
37.21986228
37.22647410
37.23367431
37.23048634
37.23667090
37.24317986
37.23489607
37.17973993
37.19117262
37.30823807
37.35127090
37.18694907
37.17100093
42.17864193
37.25261769
37.24086317
37.24992348
37.25288114
37.21320455
37.20195117
37.23155528
37.25704645
37.26371434
37.21491262
37.40055303
38.26796824
37.21143800
37.18503593
37.24622169
37.24399917
37.25690241
37.21818834
37.21485390
37.25058455
37.23184652
37.20875334
37.32352721
37.23510269
37.20136972
37.18894438
37.22975293
37.20541597
37.23179103
37.29305210
37.20414386
37.20760117
37.21050348
37.23397800
37.25678983
37.21594355
37.22968693
37.31794976
37.19636041
37.21902441
37.22449352
37.23257869
37.29378248
37.24205207
37.22801893
37.20318990
37.21610048
37.25257690
37.21553976
37.34720586
37.20949207
37.20704841
37.22806341
42.17881917
37.20738024
37.22374800
37.26408976
37.19326841
37.25442414
37.20533283
37.20655634
37.26221869
37.21392107
37.20445141
37.21952993
57.73399152
38.21570024
38.19367948
38.10470707
37.78294624
37.24359734
37.27585200
37.22340348
37.19783166
37.26981821
37.38021759
37.27221707
37.19586059
37.24169410
37.21289917
37.20108145
37.15964421
37.28505852
37.25729207
37.19309045
37.24257869
37.25110590
37.20212162
37.21008648
37.17110310
37.19019545
37.19791979
37.20330997
37.17140041
37.19888293
37.20137248
37.22401769
37.20426697
37.22904097
37.21614890
37.21225034
37.22097966
37.26153403
37.21728552
37.25561066
37.22234893
42.36489072
37.23294966
37.25558155
37.23964962
37.24196283
37.21161862
37.22706552
37.23163752
37.21985855
37.25575638
37.24695528
37.20099662
37.22250855
37.22516121
37.22316379
37.23900176
37.23914941
37.26563207
38.59405452
37.20287910
37.23456852
37.24426538
37.25676741
37.32293628
37.21447248
37.29485603
37.32591166
37.26409417
37.22189834
37.26659993
37.25396776
37.23414341
37.24359214
37.22285990
37.22285183
37.24266252
37.23768948
37.26270255
37.22118203
37.25873421
37.21471059
37.35833828
37.65626434
37.33225490
37.39700159
37.29031028
37.34852410
37.31193038
37.31330972
37.39701128
37.22475562
37.26462259
37.26579472
37.20630693
42.22569841
37.27403972
37.22196866
37.20756214
37.19643203
37.19375552
37.25596448
37.22613107
37.23656814
37.22881321
37.21927907
37.19663934
37.24145448
37.34274000
37.23998231
37.38988262
37.23271559
37.21322479
37.23391321
37.22276138
37.25205807
37.22964290
37.32730917
37.22665921
37.22997297
37.27053045
37.22702386
37.21382293
37.32666534
37.39354728
37.38702583
37.30961421
37.29452807
37.32349417
37.35596890
37.30485872
37.32413279
37.26528017
49.16353455
46.76033986
38.37820397
38.33490172
37.38352738
37.18028617
37.20596107
37.23149579
37.25467169
37.23178934
37.41268676
37.22967041
37.18557141
37.20252003
37.14887910
42.28163907
37.31776424
37.23094672
37.17078610
37.18197455
37.25152645
37.20233566
37.23353083
37.19234055
37.23226031
37.20414241
37.29562624
37.24507483
37.16022721
37.35450190
37.18556293
37.20111859
37.22461748
37.20646366
37.21098348
37.21946228
37.21032103
37.28506714
37.23067948
37.20935697
37.19475914
37.16324555
37.21816724
37.24686800
37.25283362
37.20601028
37.20282321
37.18243628
37.23853410
37.19470183
37.21081669
37.21318924
37.23927907
37.20244676
37.24932752
37.21412624
37.24700834
37.20222976
37.27720279
37.23375876
37.25214431
37.24148638
37.23481424
37.27747703
37.32570755
37.25220928
37.22528493
37.19481259
37.27980807
42.25624028
37.19802448
37.31261817
37.25157448
37.18691190
37.23075228
37.21718162
37.24335731
37.24158217
37.21575990
37.21672103
37.19529128
37.19345348
37.23472972
37.24758883
37.21977586
37.21857821
37.22227107
37.25107331
37.28589269
37.22983210
37.27742948
37.37418059
37.24995321
37.22484386
37.26465414
37.28963890
37.22182600
37.25791293
37.21076317
37.23508910
37.21607952
37.23762879
37.27514541
37.28674928
37.23011945
37.21541669
37.21735507
37.20529659
37.20992721
37.19988517
37.27247303
37.23417669
37.31874169
37.19169190
37.23407786
37.19380159
37.19116741
37.24910155
37.18695138
37.18608207
37.18946345
37.24125579
42.16186245
37.19514810
37.20152510
37.22814941
37.20839169
37.22998028
37.20170897
37.23448103
37.23553859
37.22927959
37.20501955
37.20911128
54.45506890
37.58916341
37.53779531
37.50298572
37.30990117
37.19634538
37.20245469
37.19794083
37.17276334
37.27667738
37.33088807
37.18170331
37.21676041
37.23413703
37.20958600
37.21936941
37.19510017
37.27022683
37.21725628
37.20118869
37.21538403
37.20131469
37.19585138
37.15559728
37.21486434
37.21144090
37.16250745
37.17393645
37.16010517
37.18956407
37.16718910
37.19226676
37.22437303
37.15364128
37.17337966
37.20891503
37.30020214
37.25125134
37.24596900
37.23968255
37.21224810
37.24009948
42.26022069
37.24523466
37.27342390
37.22745459
37.20336110
37.20414969
37.22480590
37.22238179
37.21194248
37.20331783
37.22633672
37.24126031
37.23294317
37.22056021
37.20342893
37.18874828
37.22668800
38.51592676
37.20428503
37.21450259
37.19872510
37.25863145
37.21423552
37.16584179
37.24781772
37.17524559
37.20958766
37.19008362
37.33658669
37.18938114
37.23504390
37.21541634
37.23685817
37.16555986
37.29121483
37.22669941
37.25386310
37.21836628
37.25350338
37.17385372
37.22806855
37.16616348
37.23618483
37.22039524
37.25596376
37.24242114
37.25786369
37.24233910
37.28612834
37.22407321
37.21619103
37.21951410
37.21854114
42.18668266
37.28954503
37.20790769
37.24531307
37.18124110
37.25429876
37.20679738
37.25002200
37.22051097
37.19012200
37.19120586
37.18912183
37.21502131
37.19182045
37.21821224
37.35862021
37.19873300
37.22918769
37.21007214
37.30715945
37.18391766
37.21808797
37.29522762
37.22664041
37.18560790
37.21643369
37.14124676
37.20749766
37.21062669
37.24741255
37.15172517
37.16704697
37.19937534
37.20430969
37.24843355
37.21006031
37.20633693
37.24268334
58.74682172
38.39605407
37.53948303
37.19039217
37.17606172
37.25988241
37.20442652
37.17655490
37.20144738
37.23409552
37.39932379
37.22339924
37.20634445
37.21497683
37.17119272
37.24790300
42.47356759
37.23434752
37.15675176
37.23912262
37.20062652
37.22794779
37.22308366
37.21455314
37.18244393
37.19158248
37.21909207
37.20834917
37.17486034
37.22484745
37.22437728
37.21867166
37.20236172
37.22512121
37.17322266
37.20041476
37.11732097
37.26774431
37.16405169
37.18917866
37.17412969
37.18858924
37.18768414
37.24214683
37.26658786
37.22145772
37.21757428
37.22982414
37.20404503
37.36580531
37.21095800
37.19277221
37.16707631
37.15272531
37.20188686
37.24282152
37.16399283
37.20016783
37.20492090
37.19316031
37.16377538
37.18770466
37.17388803
37.20210376
37.27943803
37.24797755
37.16227755
37.21887707
37.19271090
42.17429400
37.22595603
37.19305462
37.15419597
37.17079428
37.16633859
37.16801376
37.15320714
37.23888614
37.16476903
37.18210452
37.20242103
37.21483541
37.18044079
37.14112841
37.19962245
37.20880521
37.14880607
37.20447645
37.19781207
37.18099690
37.27188738
37.32991676
37.19478872
37.26158341
37.20739297
37.21071038
37.18613859
37.23036497
37.29587328
37.22227193
37.18531293
37.19235786
37.22785266
37.23167897
37.21993455
37.23166286
37.22046017
37.20480159
37.21519683
37.20569562
37.29250638
37.21751372
37.17339359
37.24596466
37.23848593
37.18788510
37.17263217
37.29310152
37.28422062
37.22044834
37.14207569
37.19035193
37.18825124
42.21438038
37.18933734
37.23368872
37.20459776
37.18406566
37.14627197
37.16268172
37.20141900
37.20416783
37.19517224
49.13767541
46.83586941
38.15351269
38.01156883
37.21981590
37.22214903
37.24042455
37.20248503
37.19788183
37.20455103
37.38565900
37.18363417
37.27583514
37.15201507
37.23574369
37.22655852
37.24024166
37.22708114
37.25809252
