5.14098100
2.87462433
2.84547300
2.78468000
2.77902467
2.76033033
2.71704867
2.77869667
2.79161633
2.77519700
2.77832733
2.80869400
2.78149400
2.78700067
2.79690367
2.79558900
2.81633100
2.78585400
2.80061867
2.81317867
2.80753100
2.82015433
2.81104867
2.80682333
2.80096933
2.80843867
2.79431367
2.80330767
2.82182767
2.80038900
2.80632800
2.80406300
2.78808300
2.79211367
2.79785767
2.81406467
2.79049200
2.80437267
2.78308267
2.78531067
2.79204367
2.78514767
2.80536167
2.80005733
2.79316400
2.78947100
2.79061633
2.79669133
2.77873733
2.81136000
2.78887900
2.81526733
2.80604100
2.80330933
2.80671867
2.81567200
2.81311700
2.81333367
2.80972367
2.80023533
2.81267767
2.80575267
2.79915767
2.78706967
2.80290967
2.80277033
2.80380533
2.77015967
2.79801200
2.79519067
2.79647967
2.77388767
2.77392600
2.77066433
2.73879200
2.76686667
2.74276133
2.76225533
2.75122800
2.76333900
2.78250567
2.78549933
2.78551333
2.77349567
2.79813433
2.80590233
2.79432400
2.79120833
2.78279067
2.78951667
2.79604633
2.80642233
2.78023033
2.78004633
2.79761200
2.79521833
2.77588633
2.77467933
2.77780433
2.78628700
2.75386933
2.77462967
2.77858833
2.77481133
2.76001000
2.76827667
2.77601000
2.77422400
2.78370433
2.77741233
2.75690200
2.75762200
2.79095033
2.77790633
2.78206400
2.78718000
2.79875333
2.80102900
2.79831933
2.78773500
2.78811367
2.79174233
2.79169533
2.80873667
2.79533233
2.79527533
2.77782700
2.78687467
2.77728400
2.76824367
2.78999200
2.76411800
2.77137167
2.77317267
2.75658700
2.78247300
2.76534733
2.77145733
2.77682700
2.75341433
2.76071567
2.80731733
2.75950533
2.74893500
2.76245567
2.77608467
2.78417567
2.79820767
2.80283367
2.80685967
2.79406233
2.79388500
2.79481300
2.79781367
2.78879100
2.80178267
2.79714500
2.78438567
2.80137100
2.78610133
2.78456000
2.79093133
2.78289333
2.79001167
2.77470467
2.78106367
2.75684667
2.78038567
2.77110433
2.77086433
2.75973100
2.75035900
2.78063067
2.76317300
2.76577400
2.76421367
2.77333800
2.78220933
2.74763933
2.80515333
2.78674800
2.79744400
2.80839233
2.79315800
2.79375633
2.79407333
2.79008467
2.77534800
2.80131633
2.78334500
2.77613267
2.77881733
2.78223100
2.78390333
2.79053867
2.78513000
2.77723033
2.77121900
2.76827500
2.77600233
2.76822567
2.75160500
2.77392233
2.76527200
2.76462667
2.75415933
2.76554400
2.77339667
2.78059400
2.77150333
2.78557667
2.79189267
2.79564000
2.80521567
2.78901633
2.79539000
2.78933000
2.79488500
2.78947000
2.80639867
2.78773233
2.78549200
2.79225700
2.77391733
2.73640100
2.78519733
2.78039933
2.76730567
2.75684367
2.76539167
2.75579933
2.76220900
2.75356533
2.75535300
2.74249867
2.77418267
2.75616067
2.74808700
2.75180567
2.75061267
2.76354800
2.77794300
2.77861200
2.78071967
2.78006500
2.79596267
2.80528400
2.79876267
2.77714200
2.78766333
2.78444333
2.78627400
2.79307433
2.75942667
2.77866533
2.77973667
2.77351400
2.77914600
2.76944200
2.77995067
2.76534867
2.77935200
2.76184033
2.77871867
2.77780533
2.79229133
2.76780533
2.74249300
2.76867733
2.75908500
2.76305600
2.77053300
2.77357867
2.77820400
2.78461533
2.78602533
2.78383433
2.79999100
2.75509667
2.79210233
2.79168767
2.77634433
2.79072200
2.79323500
2.79169933
2.79062100
2.79234800
2.78545800
2.77679100
2.76418500
2.77929333
2.78185167
2.77776533
2.75894433
2.77652933
2.74620800
2.77272233
2.77099100
2.76203833
2.77412167
2.76950167
2.75065067
2.76810967
2.77118900
2.75083533
2.77312100
2.78042200
2.79025733
2.78828033
2.79860967
2.74691033
2.80393833
2.77477133
2.78522933
2.75637167
2.80292067
2.80737867
2.79231167
2.78136533
2.80069167
2.76419400
2.78051433
2.78560867
2.77946833
2.77912233
2.76157467
2.77333033
2.74893433
2.77781333
2.76709100
2.75343300
2.75173100
2.75356300
2.76844533
2.77608933
2.77136833
2.77040600
2.78236800
2.76795867
2.79757133
2.80257233
2.80785233
2.78612733
2.79657700
2.77075567
2.79237467
2.79455367
2.80645233
2.80111900
2.77812667
2.79221733
2.79571433
2.77737267
2.76353700
2.74985500
2.78294533
2.78488700
2.76312167
2.77531800
2.76839867
2.77348933
2.76480267
2.75288100
2.75714167
2.76855233
2.75261733
2.74918533
2.76313400
2.78074067
2.77166800
2.74052200
2.79067533
2.78624767
2.80409867
2.79869633
2.79748600
2.78651533
2.78398900
2.79416367
2.78133167
2.79381600
2.78210333
2.75336100
2.76663400
2.78549433
2.78886233
2.78093567
2.77296033
2.78187667
2.75655933
2.77839700
2.76546033
2.76381900
2.76810367
2.76590067
2.74672700
2.77096167
2.76619167
2.76267500
2.76401700
2.75585933
2.77963567
2.78725733
2.78296233
2.78887267
2.80645167
2.78780667
2.80095300
2.78953567
2.75012667
2.79132333
2.80169033
2.79281933
2.78157233
2.75872233
2.78479600
2.77067433
2.77822500
2.76845467
2.77843233
2.77991800
2.78366100
2.77016300
2.76531267
2.76365933
2.75836567
2.76441500
2.76012500
2.75774700
2.75855433
2.76847733
2.75198033
2.78125433
2.78026533
2.77287533
2.78296433
2.80046133
2.78320367
2.79958533
2.78987133
2.79616000
2.78758867
2.80111633
2.75657167
2.78733767
2.78727467
2.78396767
2.77994433
2.78031633
2.77897700
2.78220933
2.78141533
2.77990233
2.74424367
2.77524200
2.77764133
2.76845567
2.77383267
2.75874867
2.76887667
2.87002200
2.79752867
2.77505533
2.80308033
2.80700300
2.80425100
2.81057733
2.81469300
2.79914167
2.80596633
2.80107800
2.80280933
2.78686933
2.78859133
2.79480300
2.80267733
2.80360233
2.78187900
2.75276233
2.78910300
2.78625167
2.78480333
2.77790733
2.78825833
2.76968000
2.78016900
2.75579100
2.75282900
2.76815367
2.76110333
2.76209867
2.75432767
2.74963300
2.75472033
2.76209233
2.76852533
2.78455000
2.78805767
2.79123067
2.79425233
2.79889633
2.76516967
2.79293300
2.77587633
2.79631467
2.79716867
2.79360400
2.79993133
2.79958067
2.78865033
2.78515233
2.77214633
2.78401867
2.78600500
2.75077433
2.76072533
2.77872367
2.78059600
2.74282267
2.76492133
2.76372200
2.76989567
2.75858700
2.76515167
2.78049667
2.75503967
2.75401900
2.74666067
2.78354367
2.77527667
2.79417133
2.79686333
2.79769433
2.80326033
2.79566867
2.78981200
2.77423967
2.78693667
2.79221667
2.79702467
2.77973567
2.77870033
2.79806233
2.78458267
2.78995833
2.80226733
2.79692900
2.79907300
2.78982800
2.77535400
2.76423900
2.75913900
2.78287900
2.78684933
2.77694200
2.78594100
2.78609000
2.78443367
2.78442500
2.76209633
2.78000500
2.80142800
2.78962067
2.80991567
2.80934400
2.81922267
2.80734900
2.81961833
2.81974400
2.80826533
2.80100633
2.79804600
2.81455667
2.81452300
2.80235867
2.80290367
2.77082733
2.78299200
2.79815000
2.79194433
2.77702567
2.78308033
2.77545100
2.78286200
2.76628967
2.75040733
2.73141600
2.74869167
2.78184367
2.76890733
2.78096100
2.79117333
2.78857067
2.79471433
2.79382900
2.80300400
2.80285067
2.81495667
2.80811167
2.76144967
2.80633833
2.80528367
2.80738667
2.81726567
2.80766767
2.80130533
2.80373600
2.80990233
2.79133500
2.75850800
2.78287333
2.79387400
2.77954567
2.77620100
2.78697533
2.78239367
2.77559600
2.78431700
2.78660867
2.78697700
2.78226833
2.78796867
2.78559633
2.76558833
2.78883267
2.78988700
2.76182467
2.78710967
2.80183300
2.81243300
2.80690767
2.79680867
2.79979833
2.78932567
2.79237433
2.79804700
2.80387600
2.78098800
2.78657967
2.76609967
2.79625800
2.75554367
2.77911733
2.77571133
2.73249000
2.77949033
2.76225567
2.72688733
2.77063267
2.77415100
2.76936733
2.75048100
2.74247500
2.75895233
2.74735633
2.74799333
2.78908167
2.77848833
2.78130700
2.78797500
2.78899967
2.80701100
2.80570067
2.78535133
2.79355733
2.78986333
2.79617767
2.79648300
2.79488467
2.77375000
2.78615100
2.78844467
2.78116633
2.78685900
2.75455267
2.77794867
2.77189733
2.76784333
2.77483067
2.74865333
2.75748100
2.76673700
2.76731300
2.77444900
2.76099633
2.77255667
2.75537667
2.77271200
2.78167867
2.77617100
2.77269433
2.78878467
2.79352167
2.80422667
2.77416067
2.79277967
2.78583033
2.78337833
2.79609033
2.80162833
2.79085900
2.77522367
2.74555567
2.78695700
2.76997200
2.79265867
2.76656600
2.76198267
2.77317333
2.74320633
2.76420500
2.77119567
2.76422867
2.77041867
2.76639433
2.76487233
2.75942733
2.75982567
2.75440333
2.73923000
2.78662533
2.78053067
2.77951533
2.78577800
2.78995867
2.81567800
2.79591967
2.80970333
2.79333233
2.79093367
2.78772067
2.79539800
2.79376633
2.77251167
2.78806267
2.79268267
2.77521200
2.78275433
2.77492867
2.75921000
2.76896067
2.77187100
2.74189233
2.74068500
2.77179333
2.77248067
2.76866400
2.76252100
2.76580000
2.76215633
2.76229700
2.74968467
2.75004767
2.76610667
2.79174233
2.78837633
2.75726800
2.80071500
2.79165100
2.80966100
2.79883567
2.79043533
2.79533467
2.78957067
2.79813867
2.77111200
2.82618867
2.78875600
2.76681467
2.78197967
2.78909500
2.78446933
2.78199400
2.76695833
2.74702900
2.76439267
2.74291267
2.76901833
2.76253033
2.77623733
2.76230300
2.76685533
2.76304367
2.76031800
2.77661467
2.78106733
2.78247633
2.78800100
2.79220367
2.79569133
2.78707167
2.80115133
2.77897733
2.76814067
2.78512000
2.79161767
2.74333933
2.71014467
2.73331567
2.72362233
2.73290200
2.74032000
2.72361833
2.73095167
2.73914900
2.72227500
2.69093300
2.70745067
2.70799400
2.70509000
2.68531800
2.69672400
2.67992500
2.70044333
2.69137433
2.68221467
2.70392400
2.70470333
2.71170400
2.77223967
2.78306800
2.78651733
2.80669200
2.80215600
2.77624033
2.79867500
2.78600100
2.79616000
2.79937867
2.79491800
2.78770267
2.79303967
2.75543300
2.78623067
2.78676233
2.78461600
2.78438200
2.78190067
2.76054967
2.76862300
2.76776967
2.77224833
2.76358367
2.76414133
2.75645833
2.73101833
2.74357633
2.77871333
2.77626633
2.76838667
2.79106667
2.78883700
2.79504933
2.79547133
2.79335833
2.80071467
2.79973267
2.79132000
2.78277800
2.79461767
2.80074067
2.79409733
2.80125600
2.79388733
2.77652467
2.79817933
2.76996267
2.78618000
2.74863967
2.74570767
2.76187467
2.76823067
2.76757867
2.77986567
2.75724933
2.77424167
2.75403367
2.76234967
2.76329633
2.76200900
2.78721700
2.78472633
2.78851767
2.77115533
2.80141533
2.80812833
2.78098533
2.79730667
2.78309133
2.78256067
2.78739333
2.79813267
2.79534133
2.78643100
2.79265267
2.79229933
2.78387333
2.78117000
2.77897967
2.78369633
2.76798700
2.76727433
2.76384900
2.76052467
2.76722033
2.73712733
2.76067067
2.75828167
2.76723667
2.77462167
2.75144633
2.77117733
2.77422767
2.78561833
2.79067400
2.78111567
2.79994100
2.79858933
2.80294767
2.77756133
2.77303533
2.79158767
2.79585800
2.79702167
2.79194700
2.78872467
2.78715500
2.78997867
2.77902800
2.78201033
2.78204067
2.78088567
2.77171967
2.77412167
2.74186767
2.76116333
2.76595400
2.77188033
2.76234867
2.77641933
2.77039933
2.76251767
2.76242800
2.77488933
2.78047033
2.76996400
2.78470567
2.78172100
2.79335333
2.80307167
2.79793367
2.80217900
2.78802500
2.78498933
2.79905800
2.78634833
2.80061700
2.78510967
2.78578067
2.78917000
2.78201367
2.78445633
2.78647167
2.78428100
2.76864600
2.78163833
2.75535467
2.74823400
2.76798033
2.74574233
2.75905833
2.76302067
2.77485533
2.77133567
2.73926500
2.77267700
2.78356733
2.76376933
2.77585900
2.78404833
2.79046400
2.79817633
2.80088367
2.79981400
2.76123833
2.79246700
2.79010033
2.80986267
2.77656400
2.79352733
2.76987100
2.78116667
2.77694067
2.78883467
2.75950733
2.78130167
2.76875567
2.76936667
2.77815300
2.76763367
