49.76893837
38.31210147
37.90003567
37.98062267
37.93013337
37.91664327
37.94062743
37.93843683
37.90120637
38.03228627
37.92373737
37.89387580
37.89650010
37.91022227
37.94407303
37.93955273
37.89205090
39.47593143
37.92890417
37.92616090
38.01456527
38.11177903
38.05826720
37.89513773
37.94720397
37.96600483
37.91993357
37.93833443
37.90320000
37.97373653
37.93496420
37.94571547
37.94236653
37.90559470
37.98556270
37.90525833
44.64458283
37.89324933
37.93373257
38.00255880
37.91137497
37.90308227
37.89520260
37.89777433
37.91988183
37.89799230
37.94404367
38.02148303
37.94907173
37.99569017
37.92581970
37.91676417
37.90228663
37.94139300
37.91732610
37.93090573
37.96636753
37.94264297
37.94594803
37.96051980
37.91356080
37.90957050
37.93415623
37.93856710
37.90295700
37.92059333
37.93832460
38.04610290
37.89222090
37.91788783
37.90765710
37.90102457
37.91333833
37.92233363
37.96094247
37.89487570
37.91455010
38.17919860
37.96790903
37.94446107
37.93203773
37.95714963
37.90350720
37.90864550
37.91031490
37.96672750
37.94593590
37.92824727
43.39172527
57.43001327
39.05631433
39.28733293
37.92684883
37.90255683
37.91876650
37.93316517
37.92472070
37.93605010
37.93097687
38.14050390
37.97624510
37.90245487
37.89300633
37.90619953
37.91244293
37.93039680
37.91848420
37.88253450
37.91005383
37.93157993
37.90788167
37.91588837
37.90303620
37.89848533
37.92988860
37.92438770
37.93081670
41.94562570
38.18900430
37.93665320
37.96081520
37.96520197
37.93179407
37.94311267
37.91079693
38.01532070
37.97106990
37.91611953
37.91517727
37.91669270
37.90672390
37.89780893
37.96428487
37.87534727
37.89879500
37.91528023
37.88626957
37.91615333
37.89292760
37.94832317
37.88894733
43.10752280
37.90989987
37.93675230
37.90718993
37.91242017
37.91500613
37.91930897
37.89354537
37.94407433
37.93488377
37.92673430
38.05088023
37.97329953
37.95304703
37.94347167
37.95748777
37.95217207
37.95901410
37.93009867
37.90459267
38.12138277
37.88911923
37.93532773
37.97294947
37.93325203
37.90751437
37.89362183
37.90510587
37.90114497
37.91203907
37.90502953
37.90532623
37.93532630
37.93126500
37.87438390
37.91948883
37.91271780
38.00715757
37.94082730
37.92445967
37.94115737
37.93075613
37.94329217
37.98563513
37.94146343
37.92720377
37.96540163
37.94502737
37.90733867
37.94563900
37.91283770
37.93411073
42.96567133
37.92944800
37.89925520
37.94640573
37.94269187
37.91662220
37.93039740
37.92088317
37.90038227
37.89819073
37.89674633
38.00209863
37.94256590
37.97958507
37.92512497
37.91109153
37.95745537
37.89142637
38.03073763
37.91932433
37.94259980
37.91622860
37.90794120
37.91698453
37.94437173
37.90331940
37.94193517
59.81258790
38.36828593
38.34138280
38.34328630
37.94077187
37.96854097
37.91363273
37.89240723
37.91705277
37.96825443
38.04677433
37.94817843
37.93430517
37.91601633
37.92077203
37.89994317
37.89985923
37.90293013
37.91613193
37.94128543
37.91292320
37.88915303
37.91933153
37.91022640
37.91977213
43.13692873
37.95767193
37.89793500
38.04992673
37.94511480
37.94658500
37.95788987
37.95653250
37.89521893
37.91509727
37.92414130
38.00318103
37.91838477
37.93594153
37.91301330
37.90190270
37.90928313
37.96164610
37.90995897
37.89427860
37.90350847
37.90120180
37.90222283
37.88625387
37.91100717
37.89467673
37.91131373
37.91600837
37.93293077
37.89279743
37.90301867
37.90529893
37.94022230
39.25927527
37.96552507
37.94886333
37.96192883
37.93349150
38.03509047
37.92681470
37.91979353
37.91238997
37.92866737
37.90717933
37.90557263
37.87617580
37.92377073
37.94856743
37.93044610
37.90810063
37.93425397
37.92027640
37.90133987
42.92177700
37.91733693
37.93615543
37.98798743
37.92380550
37.89550573
37.92278587
37.89128133
37.89051407
37.90059507
37.91644513
38.01791933
37.93527783
37.92932347
37.91844817
37.92366043
37.94739757
37.92115463
37.94095793
37.90203477
38.13632947
37.93998547
37.90399500
37.92148310
37.88138613
37.89134090
37.92307377
37.89985020
37.90839330
37.89771613
37.92084853
37.98458647
37.90591703
37.91027867
37.90830463
37.89832740
37.90090837
37.98371820
37.90262533
37.91518973
37.92936817
37.91990623
37.90848010
37.90850237
37.91718790
37.90070017
37.97513383
38.06972087
37.95263647
37.93185230
37.92853447
37.90706120
37.93339610
63.70142960
38.31994430
38.27409930
37.91696283
37.89948327
37.93425477
37.90227367
37.91210053
37.90019660
37.99908363
38.02215263
37.93089980
37.91904997
37.89518043
37.91990217
37.91929873
37.92562547
37.91416323
37.93808670
37.92716643
37.91593410
37.95211777
37.92755070
37.91081230
37.92717387
37.95209487
37.95605153
37.93885967
37.93192320
37.95214237
37.90521153
37.96709790
37.93214127
37.92565380
38.11876167
37.88943097
37.98464747
37.89951673
37.89563633
37.90624810
37.88257310
37.89448147
37.94568613
37.89355850
37.89210137
37.92245167
37.90121670
37.90203263
37.87950497
37.92663597
37.88356237
37.91624637
43.01728400
37.91673713
37.94813443
37.93615513
37.89493240
37.96431650
37.95511917
37.94136267
37.93852890
37.96029770
37.99062780
37.93132137
37.92780453
37.92203570
37.89910720
37.89875843
37.90364630
37.91966113
37.93339187
37.94491743
37.92062300
37.92197157
37.90997393
37.92321447
37.92109037
37.91012780
37.90305130
37.93633420
37.95251550
37.91281650
37.91291413
37.87851537
37.89294307
37.90969613
37.92285180
37.91845517
37.90630017
38.03916730
37.99018330
37.97405263
37.93410653
37.94036193
37.91000650
37.91416980
37.89915253
37.89395087
37.90725380
37.91634200
37.92223740
37.91062883
38.54341643
37.91076017
37.88428437
43.00056000
37.92635620
37.98142927
37.93996940
37.93733117
37.91122277
37.94922630
37.88909973
37.90417687
37.92299620
38.06169370
37.89448277
37.96272597
37.88926477
37.92590960
37.90434527
38.09777047
37.93751047
37.96734087
37.95210630
37.95380947
37.88910847
37.94014950
37.96792800
37.92622197
37.88303170
58.63615667
38.99687803
38.94083180
38.25032953
37.92282190
37.91406823
37.90805127
37.88467067
37.89983927
37.98174607
38.02236440
37.89235157
37.93849433
37.89566607
37.91317687
37.90084740
37.92508890
37.90756080
37.91099133
37.94222740
37.93553787
37.87799803
37.93269883
37.94817470
37.94266250
37.99018160
42.99498887
37.90683067
37.96104710
37.91302727
37.90645720
37.89837367
37.90736130
37.86316290
37.91107003
37.89355307
38.02226860
37.92395417
37.91735430
37.87830723
37.90080330
37.89052723
37.93194667
37.90094940
37.91206663
37.89523873
37.93262547
38.00370813
37.90513657
37.90575580
37.90209123
37.92611147
37.92235223
37.89680350
37.91658817
37.92779510
37.95101910
37.95207053
39.20365340
37.88241483
37.91882090
37.91167213
38.00091587
37.90171650
37.93080750
37.92110197
37.89030160
37.90288470
37.90878257
37.88834483
37.91057047
37.91130337
37.91091783
37.89820423
37.90375517
37.97462687
37.91520193
37.91403977
37.92839307
42.92752087
37.90144150
37.94768340
37.92243623
37.91701140
37.94128343
37.94277863
37.96187683
37.92344657
37.96797187
38.02734677
37.95402887
37.91706570
37.93763803
37.92109643
37.92431243
37.89927227
37.90881510
37.90758510
37.89840723
37.92120263
37.91823460
37.89040673
37.92298210
37.91100273
37.89761197
37.89962723
37.90985217
37.89661763
38.07080693
37.89003213
37.92126423
37.90247997
37.92499670
37.89508897
37.92246830
37.98610570
37.92868107
37.93397973
38.01151327
37.95019510
37.93635610
37.93630337
37.95114363
37.91301883
37.95794627
37.91858937
37.93881133
37.91782347
37.91060987
37.90102560
37.91619173
63.84173723
39.03005613
39.07195533
38.59281463
37.92492567
37.93047343
37.88740403
37.93714553
37.89490390
38.10019437
38.14405587
37.96171930
37.89955203
37.92718087
37.88289260
37.90467380
37.90929307
39.13250710
38.20152793
37.96622397
37.97064363
37.91574183
37.93544820
37.91128103
37.94874217
37.93368277
37.91458117
37.92154757
37.92299100
37.91554190
37.89629440
37.90473630
37.89992353
37.91281053
37.91246733
37.90094180
37.98759327
37.90970800
37.89362600
37.89750640
37.89411620
37.89633447
37.94194247
37.91387437
37.88102870
37.93427507
37.94271693
37.91693987
37.93163937
37.92280303
37.90681690
37.94850543
37.93001320
42.93849360
37.97371387
37.93837963
37.91480047
37.91611083
37.92913903
37.93243167
37.88716070
37.92310250
37.97394943
37.91056240
37.90388673
37.91023247
37.91126580
37.92279140
37.90047867
37.89699253
37.87931930
37.89211167
37.89120740
37.90043010
37.86099257
37.94059020
37.88901910
37.89292687
37.87648557
37.91753583
37.92606753
37.93162393
37.91543097
37.98903113
37.94519350
37.96055947
37.93602837
37.95805123
38.00490493
37.96614877
37.92397703
37.94916423
37.90167613
37.91302553
37.91455010
37.88739883
37.88745917
37.94047263
37.90134413
37.92423943
37.93381007
37.92140127
37.90638730
37.90335750
37.87561227
42.87354133
37.91256237
37.95279740
37.95601747
37.92736460
37.91961723
37.90102180
37.89134437
37.90703287
37.91403610
38.02711570
37.97119857
37.93935477
37.95387320
37.95594500
37.90226583
38.00108433
37.92478513
37.90972433
37.90899650
37.88414197
37.88017690
37.91158613
37.88757010
37.91284007
37.90879560
58.89129190
39.16982940
38.64795810
38.00682310
37.91325210
37.93039453
37.93090987
37.91557230
37.92958940
38.06130803
37.89167143
37.97012787
37.90904577
37.92954340
37.91544533
37.93708387
37.95411810
37.96479940
37.96408623
37.94751823
37.92738603
37.91523220
37.90415493
37.92142937
37.94529713
37.95123063
37.93122390
48.20472857
38.00324143
37.90055553
37.91180180
37.89351787
37.88899117
37.91753943
37.89369100
38.00404917
37.94220500
37.89894787
37.90977853
37.91763620
37.89623120
37.91806803
37.95437090
37.91162100
37.91522030
37.95310170
37.93845253
37.91071733
37.92956917
37.94345500
37.92293780
37.94281047
37.93698570
38.06014490
37.93703840
37.92117543
37.91110783
39.16192800
37.92685673
37.89299440
37.89813570
37.90413803
37.99932060
37.92941097
37.90838443
37.89594730
37.90891790
37.89132580
37.89560493
37.90447577
37.93839947
37.91691040
37.92946673
37.88244653
37.91590907
37.91243333
37.90278750
37.91654273
37.89867907
42.85054807
37.99888073
37.92709830
37.90674997
37.94043743
37.94568077
37.87785943
37.90849243
37.91811213
37.99722167
37.90454567
37.88682173
37.87776933
37.89003767
37.91510357
37.89278783
37.87503227
37.87690980
37.93884980
37.89267307
37.88579527
37.88176493
37.87178493
37.86153200
37.88051293
37.93444277
37.90293877
37.89920183
37.92446943
38.00225517
37.92353047
37.91998357
37.91901403
37.93976590
37.94075500
38.03654723
37.96390867
37.92527673
37.89501040
37.93309310
37.91969780
37.89507090
37.88622577
37.87595210
37.92356083
37.89002490
37.88479277
37.89314040
37.89361323
37.89855047
37.90394270
49.38662773
46.76305503
43.92982733
37.90339057
37.89774427
37.91360067
37.91933013
38.01639807
37.93730560
37.88925653
38.09821977
37.92843263
37.93338937
37.91359633
37.92547910
37.92438543
37.93161300
37.94871843
37.90518843
37.92432540
38.00325203
37.93372373
37.90091393
37.89780700
37.90401347
37.89577137
37.91213623
37.90237160
37.92092707
37.90771877
37.88851723
37.88873797
37.88741427
37.87456877
37.90566357
37.88987413
37.97247997
37.91817983
37.88209787
37.91542280
37.92304340
37.91401337
37.92195567
37.97552627
37.91329213
37.90670607
37.96790297
37.93603430
37.93727517
37.94559037
37.93116463
37.92432607
37.91670493
37.92730953
42.92987500
37.98332393
37.90392290
37.90748857
37.92118670
37.92283063
37.90827547
37.91086393
37.89713193
37.99282470
37.89722300
37.89832870
37.91230050
37.88761053
37.91970577
37.93320153
37.90505303
37.90907563
37.92192950
37.91191787
37.96419407
37.96328610
37.93036687
37.92410947
37.96891530
37.95907660
37.93187233
37.92527820
37.93146823
37.90987503
37.92721240
37.91820407
37.91296303
37.90817480
37.90176703
38.01124290
37.91469080
37.92217767
37.90544883
37.91475137
37.91310603
37.88756193
37.90601250
37.89308507
37.92392453
37.90073553
37.89842580
37.92661870
37.90174653
37.90474883
37.91891643
37.88578650
37.87786257
42.98213130
38.03151677
37.89134467
39.19287883
37.94057710
37.91467290
37.91658467
37.96239927
37.99219503
37.94035123
37.92314390
37.90102457
37.89781537
37.87758027
37.88380407
37.87822070
37.89833917
37.92730897
37.89754350
