44.72791623
40.32384690
40.07224752
40.08682816
40.12244610
40.11416584
40.16219974
40.15469281
40.00291565
40.06007326
40.07681942
40.04123226
40.07240797
40.10745481
40.14324042
40.03818981
40.47028977
40.09179658
40.18671519
40.16306313
40.10836087
40.09596500
40.22274610
40.05281187
40.09084594
40.05602148
40.15659748
40.11153794
40.13204735
40.05812906
40.07674106
40.06475400
40.02847642
46.76655455
40.08451687
40.07656977
40.22442726
41.54620810
40.09868071
40.03957358
40.03442674
40.20821823
40.17900000
40.00788848
40.06096677
40.05698800
40.04709010
40.08734548
40.05204152
40.01133419
40.05433452
39.98333300
40.10859087
40.10277658
40.07267739
40.04851865
40.05922587
40.06550294
40.09698126
40.03518923
40.05537648
40.04306716
40.04920406
40.09347142
40.11657361
40.10050203
40.12485439
40.08199697
40.05195594
39.98384797
40.04861800
40.01110110
40.06601245
39.98755416
40.07145455
39.99394455
40.03540123
40.03295081
40.06048226
40.02880874
40.02939158
40.01411129
40.06491290
45.57743677
40.10281968
40.18164881
40.13166435
40.05180181
40.04339274
40.07369126
40.10448806
40.14314245
40.03664219
40.07228032
40.07020703
40.07625635
40.01470016
40.03890232
40.09098300
40.11862865
40.08004990
40.05505958
40.07108284
40.04542326
40.07449910
40.94162213
67.98199052
41.56784390
41.23214668
40.05423019
40.09432568
40.02680710
40.19422500
40.05051419
40.14809071
40.22591477
40.18424268
40.04457326
40.11358923
40.04926471
40.09101758
40.13567323
40.04571845
40.08477565
40.02746306
40.02380697
40.08049810
40.12987765
40.14020171
40.07109394
40.34076942
40.10069935
45.51833461
40.15065606
40.11149735
40.17378690
40.14023194
40.10994629
40.14101761
40.11425129
40.26732797
40.17052255
40.13527084
40.20290297
40.16012781
40.24022781
40.13307365
40.13290126
40.15328632
40.10121832
40.10464877
40.09121584
40.08112403
40.03309610
40.09345145
40.05866787
40.10197332
40.06487335
40.08445226
40.03949971
40.07339910
40.09089539
40.11092126
40.04020248
40.06789890
40.13325045
40.10431810
40.03449077
40.05952287
40.03426229
40.08282942
40.10337777
39.98400068
40.02835235
40.02143826
39.98675558
40.02834661
40.03119506
40.03519681
39.95824203
40.05793519
40.01005806
45.15852210
40.04563506
40.02351919
40.05612394
40.05940961
40.06512003
40.11499877
40.20969310
40.16268852
40.15643523
40.21362700
40.11842268
40.11991081
40.06729090
40.13783055
40.08332932
40.15801348
40.19039632
40.10628403
40.13374513
40.11312458
40.05174477
40.07648235
40.11110413
40.10257332
40.07402300
40.07173445
40.00710484
40.04233329
39.97122906
40.02267861
39.97780258
40.04047823
39.98051506
40.02004174
39.97683852
39.98718219
39.95941381
39.98091394
39.97269397
39.97499532
39.97990877
39.96782116
39.98851181
40.00309090
40.04691326
40.03190316
52.86040290
51.30817174
46.06943497
40.09078326
40.01722071
40.11577000
40.04281671
40.12075716
40.03708619
40.11769097
40.15518452
40.06202681
40.07098165
40.01381781
40.04314003
40.12549784
40.09875184
40.14800874
40.09255477
40.11717039
40.11425235
40.17600987
40.11203390
40.09814261
40.08565148
40.12393939
40.08607419
40.16794716
40.22417181
40.11432597
40.09872868
40.10137397
40.09887242
40.12627403
40.15359387
40.17294674
40.07894758
40.03367374
40.02484681
40.06456690
40.08868145
40.10123190
40.05832852
40.14762629
40.08119313
40.02705187
40.14116661
40.05167803
40.07367948
40.09618787
40.06515577
40.01386171
45.16784042
40.09777226
40.09100571
41.54635706
40.06463219
40.08895174
40.03843487
40.13652716
40.09662019
40.14695381
40.09325632
40.06666197
40.11034671
40.06966629
40.07473906
40.08466829
40.05451261
40.10229894
40.04961990
40.13674216
40.05010300
40.07493926
40.01720268
40.00641558
40.01354303
40.00614135
40.02869874
40.06569845
40.01308187
40.03785765
39.96978145
40.03349784
40.10836084
40.04940774
40.02048700
40.00360245
40.00615390
40.04758461
40.02007548
40.04658158
40.07950955
40.09627458
40.09236155
40.08784635
40.03826329
40.13632603
40.04831874
40.06312297
40.07649458
40.04705268
45.09844087
40.19847926
40.12877271
40.05728219
40.03844981
40.08716152
40.09013748
40.15510145
40.06492555
40.05736058
40.03267813
40.10822439
40.06790416
40.11884690
40.13463290
40.10132013
40.01654648
40.07059284
40.04489484
40.10906284
39.98449442
40.08820745
58.91454626
40.92214684
41.00934342
40.88695306
40.91319481
40.35894361
40.08594081
40.13107984
40.09006277
40.16432084
40.20336226
40.06604235
40.08429574
40.05596203
40.07928090
40.10132729
40.07613268
40.06536571
40.05465710
40.09773045
40.03988994
40.06217168
40.04022026
40.10371623
40.04563471
40.06005097
40.03592006
45.14987171
40.02750958
40.04956794
40.07735432
40.14796919
40.12942155
40.11613023
40.18284200
40.07855226
40.07502248
40.04859748
40.12081700
40.04794129
40.10469671
40.09721965
40.07044158
40.06947658
40.08751087
40.03615677
40.08742706
40.10372697
40.06380110
40.07896626
40.07709390
40.09491465
40.10944152
40.10912355
40.04556139
40.13426400
40.07031084
40.07930765
40.07753848
40.18708303
40.00245368
40.09709265
40.06644919
40.06174919
40.07494084
40.09518152
40.12151626
40.12485029
40.02734590
40.24172103
40.05094006
40.11365910
40.09645271
40.03299203
40.09488971
40.09601500
40.12034171
45.45912494
40.07597632
40.14142648
40.09377848
40.11465390
40.02149226
39.97577397
40.13085706
40.06877787
40.07881323
40.09793029
40.06535729
40.08401913
40.06732932
40.05494171
40.02318406
40.09348332
40.07633287
40.10417565
40.10016142
40.05556455
40.08208174
40.09912352
40.10424581
40.07992023
40.10253187
40.14931119
40.13217452
40.13038671
40.15461506
40.19021190
40.15127242
40.24907684
40.15161045
40.13400242
40.11562868
40.15478139
40.20581994
40.15427439
40.19475142
40.14231090
40.17551339
40.14114942
40.24483629
40.09529800
40.07423184
40.10299932
58.38459123
40.49436435
45.57169706
40.44842842
40.45676632
40.30324213
40.07704674
40.06803403
40.04741410
40.26296135
40.13063181
40.07618239
40.02351997
40.02821755
40.01366606
40.10929039
40.13598306
40.18734771
40.19164126
40.20905671
40.15377671
40.12403284
40.17881052
40.15135103
40.16231652
40.15145787
40.15544310
40.15160945
40.20515677
40.17794587
40.12215984
40.13679632
40.14776806
40.09501761
40.32099935
40.13385358
40.06333065
40.04545219
40.08428452
40.14696445
40.09345074
40.05432806
40.08461052
40.13144474
40.09336665
40.07009032
40.05605984
40.07558255
40.06573468
40.05217813
40.05677545
40.11748981
45.06330381
40.11370216
40.09195868
41.48765819
40.17409290
40.16369474
40.05237829
40.21681552
40.08215671
40.13718755
40.10170884
40.10770032
40.04054868
40.08071752
40.06763900
40.10892077
40.11099332
40.10058890
40.06619865
40.19634365
40.07098242
40.05564429
40.04216087
40.06606713
40.02402903
40.12489068
40.08300800
40.02464952
40.05368781
40.11720755
40.06038977
40.04705310
40.18209894
40.07883048
40.04412723
40.10147513
40.07689919
40.06172994
40.09044229
40.06357203
40.11073061
40.12947981
40.12077935
40.05949190
40.11050174
40.13699152
40.02754923
40.14672026
40.06449268
40.14070935
45.08283445
40.17031635
40.13145613
40.05795061
40.10036277
40.03976910
40.11685452
40.20611655
40.10130219
40.10474097
40.09237568
40.09961839
40.11287545
40.11842039
40.05854210
40.07199255
40.05791632
40.03694674
40.03445848
40.11021610
40.11202177
40.10943535
60.07216932
41.00081806
40.43626116
40.03572113
40.03009319
40.11999542
40.06481268
40.19587587
40.17379132
40.31955490
40.23469129
40.21696100
40.10881348
40.12555506
40.18206197
40.09303616
40.14011081
40.14604923
40.12314868
40.11155887
40.12775890
40.08506565
40.13318110
40.22127697
40.11122181
40.02235461
40.08555900
45.15995181
40.11767713
40.13668997
40.11136352
40.03560016
40.06151110
40.09963716
40.16258597
40.08788977
40.15539406
40.10930445
40.12173384
40.09082674
40.09218284
40.11245697
40.09875610
40.15084932
40.06795577
40.07346642
40.09373529
40.08105384
40.08468326
40.10471165
40.07073961
40.05586887
40.06042406
40.06996368
40.04985245
40.08071039
40.04565619
40.09345290
40.02721655
40.15471571
40.10616439
40.07261332
40.07020703
40.08766426
40.00028703
40.04917094
40.03630365
40.01196161
40.03923274
40.06793997
40.03431197
40.11543874
40.08157800
40.13225594
40.05596432
40.09262739
40.05912390
45.07161626
40.03991919
40.14860206
40.01681274
40.20957897
40.13319303
40.03523858
40.13911945
40.13883713
40.07427258
40.07538623
40.02880919
40.14271658
40.05432781
40.08855277
40.09497187
40.13330371
40.07063526
40.14557865
40.09555900
40.10501158
40.07020003
40.08604835
40.09289090
40.02195671
40.08967668
40.06143294
40.05265106
40.11434123
40.03657445
40.07583645
40.05357974
40.15013571
40.07427794
40.06061742
40.06899155
40.11775903
40.01693810
40.07717032
40.01957294
40.07366194
40.12396955
40.07060181
40.12184829
40.10575545
40.17861197
40.15003477
57.62142939
40.63426661
40.10898906
45.17229248
40.13381916
40.16276329
40.09690416
40.16283287
40.19603219
40.27492455
40.07810361
40.13810877
40.06755113
40.14492052
40.13982642
40.09536352
40.07723452
40.08366810
40.07446839
40.01861361
40.12384648
40.06165823
40.04483165
40.12762716
40.04432245
40.08990132
40.12660403
40.11036671
40.11451058
40.07950310
40.04028465
40.12634335
40.05351797
40.06901752
40.16438929
40.07244213
40.08101281
40.09370910
40.04549871
40.18775858
40.10035739
40.09632716
40.10492768
40.10462313
40.05106806
40.07184981
40.02930577
40.05395313
40.01114684
40.09388103
40.05995642
40.03755335
40.09722581
45.11147161
41.45398745
40.16284742
40.11498194
40.14523155
40.14683539
40.21392829
40.13833406
40.12547852
40.16463197
40.06052332
40.09475542
40.15022742
40.05685932
40.12488813
40.05338519
40.11775516
40.08703274
40.14965716
40.06044806
40.07523903
40.04502419
40.07413532
40.02626100
40.01486368
40.10114358
40.10802906
40.04409919
40.04055042
40.03442719
40.04900471
40.08122858
40.04513406
40.05044613
40.09027668
40.03362987
40.07286171
40.10502674
40.00491755
40.04711165
40.10343106
40.03853900
40.04960935
40.03190316
40.08718419
40.02873097
40.10671539
40.06971900
40.06683794
40.08372329
45.16825865
40.11687777
40.09177223
40.05464877
40.05779352
40.00974348
40.11153929
40.00528529
40.03812813
40.01580439
40.02128697
40.01434426
40.03854839
40.01151277
40.03735665
40.07481603
40.09681552
40.02804287
40.04741439
40.04607658
50.89383223
49.67520977
41.40786242
40.50727203
40.09916674
40.07302445
40.08113326
40.02555777
40.01655990
40.09244781
40.16733945
40.04360406
40.07395297
40.02682884
40.06733716
40.00955397
40.08120168
40.03284677
40.11817481
40.04317561
40.08747145
40.01330045
40.07488068
40.03676526
40.07415703
40.09455326
40.09912474
40.09573926
40.11369806
45.17330977
40.89443287
40.23134300
40.17165129
40.12046877
40.11985671
40.25850661
40.18144794
40.13636842
40.17381226
40.09901926
40.19696603
40.12956194
40.15966535
40.42842703
40.15294806
40.10229184
40.19513226
40.11262816
40.18163674
40.15032606
40.18798784
40.11150600
40.15878435
40.10871181
40.14553635
40.12355003
40.13484971
40.16209645
40.16663800
40.08537381
40.21004235
40.14011377
40.19759932
40.07187761
40.06805819
40.09079223
40.10712790
40.08647139
40.07532581
40.02875126
40.11739439
40.10772229
40.07899174
40.07112800
40.03324584
40.02154819
40.10323074
39.99045468
40.11750839
45.10248548
40.08998877
40.11994674
40.10255377
40.06984694
40.26961810
40.07490545
40.13375303
40.19422081
40.11808987
40.13634468
40.07600652
40.12304797
40.10558884
40.08733484
40.14428794
40.10269174
40.09533100
40.11690381
40.13154961
40.10216429
40.16631045
40.03925181
40.13374668
40.08637152
40.08769994
40.07811848
40.07033248
40.03242442
40.05347868
40.23074568
40.15054258
40.11760516
40.08337697
40.08904535
40.07174800
40.26232532
40.12304071
39.97754842
40.05790635
40.21106742
40.04844761
40.08547997
40.07932842
40.05580261
60.65695645
40.30192626
40.74960619
40.40582806
45.10702206
40.10013765
40.12772510
39.98685945
40.12083661
40.11456855
40.17121997
40.02449074
40.01544852
40.01292642
40.04116342
40.04368910
40.05087406
40.06765600
40.09540197
39.99425748
40.10785261
40.04705135
40.11583448
40.06511497
40.07137839
40.05251519
40.10840139
40.06123219
