52.73588234
40.93498619
40.73166209
40.72533538
42.26945369
40.81107634
40.72953378
40.75026813
40.88508603
41.00963528
40.79542928
40.81977378
40.73731334
40.74840322
40.73023394
40.72346409
40.76531897
40.75162606
40.75492591
40.77490616
40.87992163
40.74062953
40.74579678
40.74732231
40.73278753
40.72741206
40.73644391
40.73311922
40.75501597
40.74347141
40.73835069
40.75605225
40.74013912
47.57622734
40.77125125
40.81223603
40.72877481
40.73653722
40.83625509
40.73714894
40.75538184
40.74718797
40.79574638
40.73342781
40.76528491
40.71030106
40.74287437
40.73079275
40.72479669
40.72404131
40.75249112
40.79557997
40.84109628
40.73359769
40.77101819
40.74529138
40.72551884
40.72943216
40.84128328
40.73104838
40.73317725
40.74662906
40.73986559
40.71277856
40.73020628
40.74600325
40.72041744
40.71790228
40.71465838
40.73076131
40.72816203
40.73019722
58.54903975
41.92037894
41.87996184
41.81699781
41.02780628
40.71734991
40.71453141
40.72112031
40.73453619
46.46550725
40.80349831
40.74379216
40.77363178
40.75861578
40.72794953
40.70460691
40.77498850
40.75316181
40.77950219
40.74585387
40.75723334
40.71673978
40.72290050
40.72221419
40.73426656
40.73216731
40.72544731
40.69800216
40.71695406
40.74745831
40.74308312
40.73962519
40.72053241
40.72234200
40.81938906
42.06486478
43.47197091
40.70898809
40.72193097
40.82937612
40.73744641
40.72170387
40.72677503
40.72329278
40.70591137
40.73803438
40.94147863
41.77917941
40.96063522
40.73324691
40.72822872
40.73748809
40.70240144
40.70509400
40.75932938
40.70971294
40.70719191
40.76499666
45.96739031
40.81690397
40.97493053
40.78514250
40.71848594
40.71620237
40.73920947
40.72058853
40.74413534
40.74155987
40.72330228
40.75381347
40.75808037
40.71869081
40.72774412
40.70932262
40.73853103
40.74818528
40.75936791
40.74160006
40.72012006
40.74480616
40.70707362
40.72112647
40.72437384
40.82196753
40.76793434
40.72408922
40.73999959
40.72620253
40.73965700
40.72102203
40.72417975
40.72049134
40.71578356
40.73500819
40.74712978
40.73154834
40.72211531
40.72006175
40.73074128
40.74192875
40.70704031
40.75093369
40.70604662
40.72509906
40.71037616
40.71093731
40.72793994
45.79377747
40.79893575
40.74114950
40.78862544
40.73184134
40.73232319
40.74895647
40.73317309
40.76370469
40.74064687
40.93038525
40.73573819
40.71330400
40.74475078
40.76679544
62.80896500
41.54746656
41.33407981
41.00541569
40.70956991
40.74617766
40.73032931
40.73871097
40.69722163
40.89190375
40.73392506
40.72694366
40.74727234
40.73241634
40.74314575
40.72149769
40.72853038
40.73190616
40.76850788
40.70114203
40.73224306
40.69989400
40.73767769
40.73916128
40.76511794
40.71987869
40.72269834
40.70705047
40.74385784
40.72867962
40.74681756
40.71846141
40.68740234
40.80150625
45.92236894
40.77418116
40.75725372
40.69943047
40.73898891
40.76798803
40.72212950
40.73878362
40.72227050
40.73763969
40.69707431
40.72365559
40.73463253
40.76314288
40.71435253
40.70971997
40.71697713
40.71700172
40.73287537
40.74068009
42.07961294
40.73014359
40.73779694
40.69783481
40.81460412
40.70832141
40.70877988
40.70610866
40.75063119
40.88083241
40.75623500
40.70621266
40.75083700
40.73047891
40.72407094
40.70195978
40.73755666
40.72792672
40.71542644
40.70986272
40.71518581
40.70008478
40.67517625
40.69578222
40.70668991
40.74166625
40.74036013
40.72516303
40.72827281
45.87206747
40.72155031
40.75120669
40.71076869
40.75004500
40.71479166
40.70129241
40.71881953
40.70711122
40.72289978
40.70246644
40.73596850
40.70668056
40.71377734
40.70209572
40.71746688
40.72140006
40.75110344
40.70792084
40.83593184
40.69952181
40.72749166
40.73701600
40.71115928
40.80585978
40.75906131
40.76800366
40.71970841
40.73258263
40.73487581
40.74806250
40.73494628
40.72626616
40.75924625
40.74914884
40.72819981
40.73149309
40.73693731
40.72141456
59.11229444
41.63800222
41.10634434
40.71352612
40.72650444
40.76555784
40.70466147
40.73323503
40.75729812
40.86045069
45.91740378
40.71652178
40.76506753
40.73767669
40.73855344
40.74287922
40.74679381
40.73740725
40.74526044
40.73517469
40.74064394
40.73715625
40.74809103
40.73322566
40.72608994
40.74007856
40.73727491
40.74684072
40.73127672
40.72793012
40.73143994
40.73931300
40.75395391
40.74500331
40.83542212
40.75343472
40.73962409
40.74752897
40.71238003
40.81461116
40.72021372
40.74545009
40.74112300
40.73092216
40.73751756
40.72189894
40.70829631
40.73971897
40.72652809
40.74022784
40.72896250
40.72306122
40.71229447
40.72876059
40.74163231
40.74228238
40.74398600
40.75027450
40.83896862
45.76078422
40.75251272
40.77345456
40.74687844
40.73160088
40.70992944
40.82421728
40.84549041
40.72228613
40.76936888
40.76341203
40.78161594
40.75221097
40.76363297
40.73561325
40.74265875
40.71897619
40.73007303
40.70667903
40.72799287
40.71056731
40.74635384
40.70194119
40.74812081
40.81800306
40.73182178
40.69844094
40.73941369
40.72126631
40.72518894
40.68764325
40.72526484
40.70569316
40.73092678
40.73729916
40.78170369
40.73727325
40.72391981
40.72661209
40.74628422
40.72835087
40.76743581
40.72862059
40.73007697
40.71861391
40.71900403
40.69467962
40.74830322
40.84309813
45.75849416
40.75791141
40.76040906
40.71509322
40.72906144
40.72197731
40.72779503
40.69835756
40.70196641
40.70774084
40.73211206
40.72927691
40.72120447
40.72173766
60.54169469
41.69347453
41.69378219
41.38387869
40.72242813
40.70757644
40.70580372
40.75553506
40.81663834
40.87215913
40.75340087
40.93780722
41.78840400
40.74778625
40.74201466
40.73190428
40.71834453
40.70633062
40.71270181
40.71294391
40.72291475
40.69685600
40.70605984
40.70291947
40.72668072
40.69678431
40.73736600
40.69556384
40.74539288
40.72454997
40.72704862
40.68779056
40.73419372
40.75506838
45.90636919
40.77303663
40.82271081
40.70817741
40.71232528
40.75720619
40.70643534
40.72824137
40.74863966
40.69916625
40.82561912
40.71436969
40.72390797
40.73043338
40.71357291
40.73014412
40.70651363
40.68624903
40.73094928
42.07813062
40.76202237
40.71783578
40.72141041
40.69880403
40.83266475
40.73227291
40.73203641
40.74602225
40.74468766
40.71511241
40.75448753
40.71171769
40.74198100
40.71830062
40.73414044
40.85181072
40.70687587
40.73809900
40.74715591
40.69136325
40.72385488
40.71801056
40.72531122
40.72356253
40.73910337
40.71572519
40.72620603
40.69553941
40.71960303
40.84255878
45.78887406
40.77365166
40.70782712
40.71484178
40.71916894
40.70748453
40.73471556
40.72869078
40.72861531
40.74608109
40.83334447
40.71897822
40.74055744
40.72486956
40.73137409
40.71702009
40.79933281
40.76966150
40.82445875
40.74377597
40.75360353
40.74155037
40.74466775
40.82397494
40.74228378
40.72910800
40.72240081
40.73343891
40.75118600
40.72419688
40.74278331
40.71588156
40.73436072
40.73606247
40.74353087
40.73956513
40.71901725
51.33278600
49.16576922
41.31843594
40.78051491
40.74973578
40.74080891
40.73643269
40.74428959
40.72250506
40.78328950
40.85254172
45.83168156
40.75143478
40.76874322
40.73783878
40.90467625
40.71909297
40.75194003
40.73299953
40.74911969
40.73055547
40.74205766
40.72721294
40.74672772
40.72101772
40.74780419
40.71303303
40.73487538
40.72987713
40.73645322
40.72176191
40.72442750
40.72562284
40.74058809
40.81260297
40.75750044
40.75412222
40.72460766
40.71551087
40.72196772
40.78610187
40.73284291
40.73875153
40.74466547
40.72265244
40.81031453
40.75660794
40.71357600
40.82706866
40.73151431
40.74292112
40.72584087
40.73754663
40.72120741
40.73145931
40.75139709
40.71886928
40.72112937
40.72986613
40.80048387
45.78148862
40.74656769
40.76963106
40.73447834
40.75044175
40.74245328
40.73910856
40.74167875
40.75547244
40.69958244
40.75996809
40.73250809
40.73044309
40.82772478
40.73567388
40.74404781
40.70683084
40.71751672
40.72168144
40.75422009
40.69635494
40.74262472
40.72397053
40.82847528
40.72436997
40.72581491
40.73810581
40.73111338
40.71884894
40.70761981
40.73660278
40.70053131
40.71211366
40.72954562
40.70576272
40.70028166
40.68237528
40.72014316
40.69446028
40.71750003
40.71021903
40.76657647
40.70089194
40.70928606
40.74920572
40.71725625
40.71483372
40.73053669
40.82370912
45.70907719
40.78780591
40.77326931
40.72433153
40.74419659
40.73005616
40.74984666
40.72701606
40.72348909
40.74569350
40.73966775
40.77756628
40.74194713
54.64419313
48.94209113
41.71322959
41.10385281
40.72748281
40.76388559
40.70629353
40.73406791
40.74335528
40.81684212
40.82601050
40.77570834
40.70860756
40.80650197
40.74979150
40.74560328
40.71724156
40.73605938
40.71654766
40.71705962
40.74533925
40.74641572
40.75223238
40.74967038
40.70778581
40.77133419
40.73716144
40.73222391
40.74373769
40.77475206
40.75765447
40.70833209
40.73264519
40.74741253
40.91389422
40.73407312
45.84616675
40.78613231
40.68198975
40.73145312
40.74859978
40.72763281
40.74501406
40.75362809
40.76012066
40.75491250
40.74207053
40.74077372
40.72848975
40.73472259
40.70532725
40.73167334
40.69201400
40.71644631
42.03462106
40.72929172
40.70381422
40.73350506
40.71862950
40.84945891
40.70760072
40.74452994
40.72845847
40.72047797
40.70931075
40.73560291
40.73325422
40.71650344
40.75017725
40.72875275
40.75390750
40.72700881
40.72669772
40.75767856
40.73073837
40.80472872
40.74056800
40.75024191
40.75287766
40.70680753
40.71861906
40.75993081
40.72286794
40.80159394
40.71877550
45.72295984
40.74421953
40.74392287
40.82939972
40.73169138
40.72082159
40.72890303
40.73047991
40.71500950
40.72640184
40.72648794
40.74574031
40.72065169
40.73356409
40.73174078
40.71316316
40.77557622
40.82893741
40.73280887
40.74345284
40.75547134
40.75186947
40.74242625
40.90227741
40.73962288
40.75492287
40.75743831
40.71082419
40.73412806
40.74187816
40.72775562
40.77859169
40.73528109
40.74025372
40.72501022
40.74746034
40.72242191
62.60143878
41.38476159
40.73542822
41.08752988
40.75669162
40.73679766
40.73930834
40.73971228
40.77978903
40.79910375
40.85539244
40.75357678
45.96588406
40.72373519
40.72636269
40.73415544
40.73795553
40.74421991
40.75865291
40.76032834
40.76555003
40.74364050
40.72907259
40.75253928
40.73489178
40.73446344
40.73495694
40.75268472
40.71766041
40.72241384
40.73762944
40.73204100
40.73733628
40.72509522
40.85918856
40.72101025
40.73524256
40.73096616
40.72666850
40.76753428
40.74478141
40.72139781
40.70912647
40.71122259
40.68944828
40.73012713
40.73353112
40.72415697
40.71913962
40.70272812
40.73636303
40.75458578
40.74829194
40.73461406
40.74218525
40.73825784
40.72620678
40.72998675
40.73493978
40.82506116
40.74566116
45.80121453
40.72224141
40.72805172
40.75519934
40.73923691
40.74028378
40.75391047
40.75617456
40.73272509
40.75131778
40.76710978
40.75630425
40.72856806
40.72519666
40.71477575
40.69618287
40.71074387
40.77196622
40.73884181
40.69856675
40.69538216
40.69263822
40.82953134
40.71713228
40.72205275
40.71665403
40.74432903
40.69809719
40.68256741
40.70237613
40.71429828
40.71641103
40.75336634
40.72415988
40.73147684
40.72570387
40.72159841
40.73685928
40.70502594
40.72137056
40.76198256
40.72081272
40.71676069
40.72773166
40.71160350
40.72119119
40.71416634
40.78510197
40.73121878
45.74598244
40.73366153
40.74012453
40.74368172
40.74360500
40.74335562
40.76332188
40.72198753
40.73859866
40.74551863
40.70791312
40.73856316
58.81588869
41.67593628
41.45311231
41.80811941
41.71443891
41.19862269
40.73087953
40.72038403
40.73002122
40.87767250
40.73384625
40.70287916
40.71545637
40.71306303
40.72153075
40.71985844
40.68896728
40.69589681
40.69643722
40.68066881
40.66993022
40.69068806
40.67141869
40.69525647
40.70933844
40.74176534
40.69042934
40.71380203
40.70410759
40.75435338
40.73117497
40.70523447
40.74372341
40.73188528
40.86776772
40.73001731
45.82250656
40.84820044
40.74522272
40.76859472
40.74295728
40.71832166
40.72578003
40.74072944
40.74958131
40.74002853
40.72106859
40.72326716
40.72177291
40.73498144
40.71104481
40.71559575
40.68471669
40.71375572
42.02142663
40.70901731
40.72195381
40.71732319
40.82147800
40.74147916
40.69880334
40.72924759
40.68120419
40.74447103
40.73892984
40.74695191
40.73728484
40.72928522
40.71381766
40.74478459
40.75199497
40.71853100
40.73055894
40.69989938
40.73146684
