55.10593227
42.97518706
42.73083670
42.96017467
42.89334206
42.91287515
42.76350161
42.80308682
42.66815403
42.95957645
42.69662124
42.77777545
42.62249255
42.62832470
42.60477455
42.70215055
42.72748500
42.74127136
42.74830148
42.68661800
42.67604006
42.74410436
42.70146018
61.11157106
42.75100715
42.72070924
42.73435552
42.80232461
42.73366752
42.75898567
54.75540845
42.87914973
42.81433594
42.87201642
42.75241479
42.80298427
42.71642867
42.77204430
42.69842009
42.82840648
42.67077218
42.74884712
42.72256115
42.79105345
42.67993836
42.76591797
42.77524370
42.77558330
42.72914515
42.71345873
42.72780148
42.73740852
42.60982933
42.68758430
42.73520727
42.78323124
42.67757721
42.73769694
42.66337752
42.74979412
42.74115673
42.70711512
42.70964079
42.67826112
42.64232382
42.71929261
42.68947627
42.73490533
42.65922000
42.86304452
42.75537821
42.80101961
42.72077258
42.75820133
42.69165803
42.71721073
42.68487758
47.80780894
42.70352212
42.87034439
42.82790627
42.66805336
42.69249427
42.73071827
42.66151391
42.67068370
42.78914882
42.68994509
42.68287679
42.74002676
42.73428079
42.77093373
42.74357479
42.74691836
42.69127536
42.67346797
42.65624239
42.73076085
42.67574048
42.70432288
42.67466645
42.64775761
42.76101912
47.04158409
42.73297330
42.84186330
42.68531039
42.71235203
42.67946491
42.77532982
42.77174352
42.76001212
42.71797867
42.74668655
42.71915615
42.89571958
42.69905470
42.74559364
42.73368418
42.83223018
42.67670555
42.78491842
42.69014697
42.76318479
47.72579512
42.87058297
42.75009042
42.74979676
42.68672473
42.80517261
42.71895352
42.71894064
42.77370391
42.81995397
42.70567527
42.74690964
42.77242203
42.73058127
42.68801048
67.44328297
44.16774564
44.12210467
43.97031570
42.68776561
42.66754585
42.67557809
42.71943364
42.68234573
42.79956503
42.71625209
42.73222545
42.64027012
42.69060545
42.74614827
42.69520218
42.77367312
42.72819406
42.73236948
42.74113270
42.75381024
42.75557133
42.77280370
42.70233888
42.75210897
42.69747961
42.73906736
42.69024958
42.80300391
42.65193152
42.71433767
47.86226136
42.80584009
42.71908618
42.82084979
42.70938958
42.75203267
42.74097470
42.74259503
42.74187164
42.72359988
42.64302042
42.68404009
42.68122512
42.72511455
42.66477158
42.76886979
42.74866073
42.84600724
42.73005739
42.78429421
44.14675509
42.73963385
42.67241706
42.79669945
42.72647736
42.82517285
42.72129985
42.71377873
42.80002436
42.78434645
42.64688418
42.68842348
42.71449479
42.71025718
42.63418942
42.71591373
42.72155697
42.70273064
42.62718915
42.68175539
42.70895652
43.06485585
42.67704276
42.68272291
42.68230585
42.72215012
42.74920897
47.76557400
42.82085606
42.77612648
42.71260330
42.71997639
42.77682221
42.73639548
42.69090967
42.71011791
42.73711194
42.72424718
42.72747370
42.75061376
42.71959148
42.79798473
42.63080155
42.78271921
42.79373258
42.76090391
42.81675506
42.70783361
42.70568824
42.78288930
42.67918382
42.81249327
42.71148770
42.75058276
42.70591927
42.77615139
42.68941867
42.70744127
42.65647282
42.80505624
42.71551818
42.81691176
42.74701506
42.78671288
42.72008300
61.20132779
43.37610039
43.42352179
43.40693161
43.03043521
42.72979858
42.75101748
42.73670076
47.97124503
42.94712752
42.71230967
42.74442188
42.66930785
42.68609239
42.69106806
42.70275103
42.70339124
42.70306358
42.67943252
42.69654155
42.67808600
42.66581870
42.69044324
42.66883818
42.70202836
42.70601400
42.71924082
42.75630567
42.77068936
42.70987045
42.74651724
42.71333121
42.75703621
42.66460476
42.74765585
42.67725148
42.67667779
42.73204876
42.79795742
42.71771303
42.71924048
42.63119512
42.69277800
42.65153621
42.71322945
42.68878967
42.69348827
42.61880979
42.67067927
42.61015264
42.79029988
42.68157076
42.63528994
42.60918276
42.65826167
47.62357248
42.76546521
42.73236512
42.72002785
42.74343106
42.69709970
42.71478139
43.39836824
42.81399967
42.70868833
42.65880897
42.78215485
42.73291342
42.80673600
42.71480067
42.76479252
42.73507464
42.83810076
42.68122827
42.67809776
42.70905736
42.72089527
42.69789270
42.68311712
42.75141830
42.73338918
42.74773476
42.65141442
42.65154179
42.69597952
42.58555194
42.67438282
42.63282682
42.67505894
42.66602921
42.67234955
42.68673561
42.73296524
42.65743924
42.63219797
42.73704394
42.76032042
42.64303685
42.84194142
42.72572161
42.71170991
42.65209006
47.73145930
42.63243579
42.71687324
42.57508603
42.61848576
42.76586991
42.62313285
42.59956373
42.76318473
42.62118315
42.69019482
42.64255361
42.67510761
42.66147136
59.90280088
42.76868479
42.74201185
42.65264927
42.72544752
42.72984333
42.73899194
42.66931606
42.74298106
42.74109297
42.91336312
42.74030248
42.78714155
42.69139506
42.77517470
42.71203227
42.76978218
42.71767348
42.77224073
42.75207212
42.77724191
42.68340664
42.70726852
42.65745758
42.64822939
42.63988339
42.69508927
42.63816421
42.72055748
42.69434379
42.64871136
42.73668876
47.76476139
42.77392467
42.69958030
42.69186106
42.66815370
42.68970203
42.74192715
42.74679603
42.77470655
42.89432615
42.71028673
42.70157158
42.72749076
42.70891821
42.72283733
42.65448345
42.65919324
42.70286045
42.70789497
42.71718027
44.11708012
42.68409267
42.71407239
42.70266800
42.75893967
42.67883206
42.77498182
42.68255730
42.76655470
42.69261752
42.77334824
42.72220548
42.67951076
42.69326827
42.72751764
42.73460724
42.67167136
42.65070673
42.83447494
42.89745579
42.74734473
42.68926445
42.78273770
42.70631473
42.71577294
42.69467318
42.78864515
47.83943797
42.74745627
42.75912639
42.76818152
42.73992742
42.80812079
42.68082333
42.71704333
42.73770355
42.64780973
42.66829403
42.68125161
42.65291497
42.73420745
42.74847352
42.67640621
42.71215379
42.71418779
42.64821879
43.07553048
42.80510961
42.81857855
42.88318970
42.77155052
42.84752415
42.71536170
42.74153718
42.82923436
42.74696124
42.76671509
42.70917179
42.75624276
42.74392982
42.70066527
42.76162436
42.71702255
42.70117576
42.74919782
61.00285548
43.06583085
42.78871845
42.62639527
42.77604503
42.72780070
42.76217655
42.70772136
42.74406639
48.21303815
42.79326785
42.77256706
42.66382945
42.75689264
42.70479700
42.74012333
42.69830855
42.76163652
42.75156615
42.98218409
42.68716221
42.79654312
42.70457303
42.69216909
42.70721255
42.75634121
42.65011400
42.76459658
42.74025248
42.75676221
42.71793058
42.76144818
42.78516527
42.70350979
42.73888397
42.64718670
42.62316930
42.74623764
42.63487718
42.66179006
42.74837758
42.65796782
42.72493997
42.67997958
42.69582173
42.68737997
42.68118788
42.67767745
42.65458021
42.70201224
42.72490712
42.77216727
42.66076370
42.73880515
42.67130148
47.85426373
42.67756776
42.76848582
42.66028915
42.66874952
42.72432024
42.70214361
42.72932233
42.76345430
42.66890136
42.69283730
42.73453779
42.75221094
42.70192364
42.69904509
42.74892342
42.74050203
42.74637576
42.70499148
42.71126670
42.90048794
43.91818352
43.67993912
42.65919097
42.71043303
42.71326230
42.75257770
42.73522376
42.75448542
42.71875961
42.71584579
42.69130936
42.72272239
42.66777915
42.75295503
42.73653312
42.74107415
42.72255118
42.75563515
42.69701282
42.77544667
42.70997394
42.67987830
42.63927900
42.78224230
42.71975248
42.77798303
47.73502864
42.84887967
42.72444297
42.74192909
42.78757985
42.73056285
42.67185945
42.67510000
42.74784718
42.73436121
42.66042570
42.73963706
42.71567806
42.78978179
63.45321194
42.76257158
42.66526339
42.72583442
42.74270058
42.69910379
42.71940782
42.71786345
42.73561248
42.83769133
42.70423236
42.73672309
42.61141542
42.75711600
42.67295345
42.64309106
42.66563758
42.71494906
42.78172245
42.75951073
42.78153921
42.76473903
42.72991733
42.69966933
42.73975476
42.68846164
42.73154309
42.71055303
42.67517088
42.78967394
42.72784909
42.78615482
42.75892239
47.94496785
42.81351915
42.75238255
42.67339670
42.83743994
42.68528045
42.81281188
42.73895912
42.80049452
42.76588167
42.77281139
42.72055661
42.79343806
42.68260676
42.68491058
42.59330579
42.72974055
42.69317297
43.97803467
42.74021994
42.68925921
42.71768685
42.69954676
42.73018921
42.69345609
42.67701773
42.69939830
42.64311503
42.77472052
42.73898300
42.79412245
42.73799712
42.71580348
42.75327252
42.72711000
42.72170706
42.74520794
42.73700242
42.68950912
42.77117512
42.76074245
42.68387339
42.76826709
42.65581848
42.80053597
42.68775788
47.76164036
42.74862539
42.82572073
42.71351121
42.81110524
42.74296406
42.76077291
42.73897527
42.69243476
42.70734870
42.73800300
42.68460097
42.74372161
42.62059348
42.64615073
43.39966652
42.68280218
42.69068445
42.76224418
42.81684127
42.73320845
42.64677542
42.70056767
42.71544158
42.71896303
42.62771358
42.65063464
42.70821724
42.64345785
42.71488758
42.73906745
42.70729858
42.75046052
42.66218491
42.73068285
42.71488142
42.77457458
62.08279264
42.67357176
42.74656167
42.71691400
42.66343327
42.67072527
42.67970391
42.69230273
42.68771721
42.82959630
47.79331845
42.81998103
42.74318336
42.81518630
42.68046355
42.68717988
42.70797982
42.67346670
42.71717709
42.70807791
42.72145355
42.70398855
42.76452476
42.78456585
42.65882294
42.76560779
42.68029403
42.70147591
42.68521621
42.72273591
42.70996106
42.73003224
42.68206079
42.84102661
42.74102582
42.63360782
42.72272518
42.74888776
42.68088597
42.67261161
42.65247603
42.76256633
42.77294400
42.79198609
42.72376600
42.80709348
42.71612497
42.74529573
42.69564142
42.75786976
42.71590270
42.72739476
42.69301733
42.78846606
42.77225627
42.76694779
42.75859033
47.66318218
42.72475009
42.64672233
42.67602952
42.72614103
42.69119606
42.72857873
42.68722485
42.60880342
42.64770564
42.67331588
42.58640452
42.70404688
42.61706261
42.62396209
42.64429894
42.60918452
42.60057612
42.72170988
42.69596039
42.69010339
42.66968385
42.73958145
42.61958485
42.76315330
42.66173518
42.73625564
42.71772830
42.68722106
42.70328379
42.74910524
42.65395488
42.63827270
42.69620479
42.69277727
42.60041415
42.64416691
42.68652833
42.73702797
42.73403339
42.78263991
42.71509121
42.68127630
42.65530448
42.62304488
42.67454530
47.75704964
42.67889952
42.84185127
42.72120036
42.74744839
42.69745018
42.73106682
42.78131436
42.77367458
42.72062036
42.73386415
42.69315170
42.73120664
67.06451488
43.41794336
43.37490324
43.06162788
42.70124864
42.72561321
42.72861961
42.66129385
42.67119188
42.82677227
42.69436888
42.73953985
42.72584685
42.65779848
42.73454509
42.71278924
42.63375052
42.73114409
42.79738473
42.61981727
42.63809021
42.75835845
42.65425688
42.75616024
42.69487561
42.71861479
42.66837900
42.71817188
42.69736848
42.73292491
42.65595233
42.69305548
42.67788233
42.77318006
47.73335242
42.77496712
42.72309812
42.79532282
42.85122600
42.73168067
42.69814697
43.07426009
42.87258242
42.84711127
42.77049139
42.77808736
42.82973642
42.77213033
42.79510812
42.69977412
42.71573703
42.71906579
43.86766955
42.73679788
42.76305561
42.80772467
42.80306606
42.69776724
42.74332709
42.75542385
42.68257006
42.71395521
42.64633618
42.78965915
42.70997024
42.74378109
42.74947242
42.82197167
42.76143761
42.80596170
42.79033097
42.73916585
42.70206355
42.80057955
42.70084252
58.20915182
47.10191615
57.38202945
44.77776273
52.36983091
58.05004730
64.76279058
46.97433918
46.93227676
48.09677079
47.05275333
47.63759336
46.42945464
46.29555415
46.93750545
46.60651552
45.92004439
47.49066803
48.87125685
47.01703539
46.59376888
46.63935852
47.01210609
45.52363970
49.01146918
46.93212136
47.58085682
46.95249485
46.78535967
46.81652185
46.74133861
64.83299848
50.06352655
46.99803009
75.04006658
58.26669203
60.32693279
46.98894985
47.32104758
45.25761821
47.87715233
44.59304064
47.61153106
76.44351118
53.46682467
47.53525176
44.58327155
47.71329939
46.74450867
45.08442624
46.72463236
46.84551867
46.77673448
47.02237955
47.09383988
45.04674848
46.51288303
46.09024539
47.53434461
82.72192679
47.39332136
42.69172645
42.75917100
42.70012276
42.93004548
42.73920942
42.77629303
42.72907403
42.66970036
42.82063115
42.77231412
42.71757991
42.74249170
42.74597542
42.79541609
42.77255509
42.75260530
42.67973276
42.74117955
42.66850155
42.65708733
42.67394512
42.76742988
42.77281552
42.67513036
42.67297897
43.01443103
42.78311485
42.72870503
