65.60192835
44.73337391
44.41964094
44.50671956
44.34281918
44.34565829
44.32828868
66.46703012
44.52402826
44.58698550
44.63129909
44.54718456
44.57797959
44.54140468
44.54217662
44.59335262
44.73425644
44.63483862
44.56596679
44.59918574
44.55361188
44.55479897
44.60932776
44.51397132
44.55396221
44.52787800
44.53279032
44.56863029
44.54318915
51.28743497
44.63755441
44.59564503
44.64861153
44.63143321
44.60660215
62.31168553
45.86644871
45.42325118
45.36568938
45.33289418
44.55805341
44.54765179
44.53595924
44.63241685
44.62937356
44.64552085
44.47557497
44.49905203
44.50116262
44.57559094
44.51544529
44.54763774
44.53604162
44.57139088
44.52472982
44.54961944
44.48618109
44.54249291
44.51708329
44.55783853
44.49218676
44.57477097
44.56234029
44.59387232
44.61703891
44.59539359
44.63218962
44.66415056
44.56786926
44.60426012
44.56229429
44.68065985
44.55946535
44.55002526
50.10818515
44.56103759
44.60967485
44.58050629
44.53272041
44.54553079
44.54322553
44.53257576
44.49146779
44.48747391
44.51792924
46.02689700
44.53066118
44.53496688
44.53339821
44.62312238
44.53325432
44.50576232
44.55916982
44.56324641
44.59039915
44.56787003
44.53402212
44.59432768
44.53601747
44.60019694
44.68399932
44.55088491
44.57055574
44.57183182
44.52322250
44.56365532
44.56923459
44.56075926
44.49409615
44.58697350
44.52913262
44.61376641
44.54671938
47.70029965
45.47283644
44.48971609
44.50840003
44.52776632
44.51956141
49.60039765
44.52738288
44.60480606
44.57256726
44.51617409
44.52283571
44.53883471
44.57981338
44.70170262
44.60627182
44.73871497
44.58597212
44.63909897
44.54295729
44.63780197
44.67168897
44.54074365
44.56258100
44.58370444
44.54430009
44.53432759
44.53116906
44.57953088
44.56174832
44.62238844
44.55693635
44.56864506
44.53969738
61.57946691
44.65016274
44.65413347
44.58431141
44.54976941
44.53665965
44.54331188
44.56056244
44.63239909
44.63704821
44.60314968
44.65789444
44.61938068
44.59643718
44.65615341
44.63676353
49.83201521
44.62736665
44.70244297
44.64399106
44.66202212
44.66984065
44.62260718
44.63429297
44.62159994
44.57224276
44.57044912
44.50942565
44.51585947
44.49779071
44.55960762
44.61031768
44.53361176
44.55801215
44.54731294
44.64254203
44.58209079
44.54677188
44.56196571
44.31978879
44.35979079
44.27612097
44.36943559
44.30556579
44.41836785
44.35850906
44.39664162
44.35451062
44.40622638
44.33067797
44.36020315
44.29762803
44.34272797
44.39575594
44.47342259
44.30228697
44.48418118
44.53883318
44.59220897
44.58111274
44.62182603
49.61986959
44.61946850
44.60159453
44.62412585
44.56843165
44.62412829
44.55840241
44.51190668
44.50796524
44.54873021
44.54550691
44.55588250
44.56298915
44.60080882
44.57681459
44.71242379
44.57225700
44.61798726
44.54786832
44.63805629
44.57305741
44.59028776
44.55565776
44.61725382
44.59648100
44.59673015
44.57792694
44.59357465
44.54569600
44.57599279
44.49814012
44.61218494
44.52436832
44.55468106
44.55076362
44.56362641
44.56465688
44.65311688
44.60076079
44.54963932
44.56919497
44.57372371
44.55966976
44.52807888
44.57126488
49.58398271
44.58429115
44.65411544
44.61797850
44.64610232
63.54556253
45.33796776
45.25191135
45.26873829
45.23031853
45.20623291
44.55748144
44.48074094
44.54464035
44.63415018
44.53344259
44.53246415
44.54202853
44.60337824
44.51878168
44.58871776
44.45178935
44.55017759
44.50700835
44.52243288
44.52142032
44.47281021
44.56451503
44.48482459
44.52005450
44.50708450
44.52126985
44.57192391
44.62155235
44.60380447
44.51379174
44.59140947
44.63584003
44.54257559
44.53304450
44.55701153
44.55623174
44.59093768
44.55757485
49.68944282
44.57923644
44.59010768
44.52148456
44.47490776
44.46845015
44.53919726
44.47293009
44.56754465
44.48327444
44.49544594
45.86375321
44.49404100
44.50469244
44.53300532
44.65832853
44.55435291
44.53044465
44.51958585
44.48568874
44.53424991
44.52207197
44.56897826
44.55604221
44.59959182
44.63585712
44.77420721
44.69733082
44.72277138
44.67187291
44.67452271
44.65482850
44.68248241
44.66671459
44.66768403
44.66513291
44.66310426
44.68456847
44.64737129
44.59364262
44.64057350
44.55902129
44.58598124
44.50398162
44.55641474
49.54871932
44.51808509
44.56253497
44.53684476
44.53025956
44.51198194
44.51690579
44.56851271
44.58919850
44.56600456
44.64074771
44.53803921
44.54810200
44.56568315
44.56426512
44.64637926
44.54861215
44.51969868
44.53244853
44.52435965
44.53240653
44.51503876
44.65662332
44.56460782
44.49730926
44.49983691
44.46964432
44.54936776
62.79203024
45.35375226
45.23323997
45.16013341
44.53729700
44.54024753
44.51380438
44.55205471
44.58679768
44.68720347
44.52308579
44.61504176
44.55180829
44.58845044
44.56701291
44.63231035
44.61441709
49.68256241
44.56878044
44.55812415
44.53091388
44.54809247
44.49527674
44.52553374
44.52948424
44.48762594
44.51600668
44.53861856
44.54959224
44.55177568
44.53605462
44.71829385
44.57319109
44.57126641
44.60364550
44.57231253
44.61131259
44.52419579
44.60775156
44.62065853
44.64089247
44.53139700
44.53235215
44.57137259
44.56295068
44.65399888
44.61375532
44.67690015
44.64776244
44.64462947
44.61937071
44.60810168
44.60289791
44.78747468
44.61289541
44.62931741
44.52955862
44.51011853
44.48803524
44.52003435
44.52639894
44.50970271
49.48396682
44.66049585
44.52231497
44.55971200
44.52528138
44.54549424
44.54560938
44.52360415
44.55567197
44.58481129
44.52919250
44.52516874
44.50186991
44.54958906
44.64029229
44.59458788
44.58093950
44.59283468
44.59731459
44.57039182
44.54327862
44.55901524
44.52390147
44.61361826
44.53854706
44.52502835
44.48746400
44.52026626
44.57248171
44.61223953
44.65979571
44.58901644
44.59079471
44.61415029
44.57722732
44.57610959
44.63186447
44.58064088
44.57096515
44.51640365
44.57425524
44.54539353
44.58466326
44.56837712
44.56678821
49.56091071
44.60897747
44.55259918
44.51792700
63.81847959
45.94734371
46.17972171
45.70191624
45.09577818
44.68119541
44.69771594
44.59897112
44.79030597
44.64472644
44.59197565
44.58993218
44.62699309
44.54596385
44.57350535
44.57313953
44.56869468
44.58993585
44.59771003
44.60803959
44.58740829
44.60912950
44.54625071
44.58833062
44.59311100
44.59972182
44.60329447
44.57318053
44.60670503
44.61919200
44.68327532
44.83366476
44.73036068
44.72831153
44.75753065
44.70632685
44.80200732
44.61323776
44.61938606
44.60297065
49.67434547
44.66602629
44.53702032
44.58758471
44.62703550
44.62010038
44.63653103
44.59811094
44.61959347
45.79958376
44.60452309
44.56576741
44.59816056
44.62438812
44.63275918
44.63127176
44.57900994
44.61681135
44.54570938
44.60666318
44.62908297
44.57291200
44.60018344
44.60235400
44.70216326
44.62667591
44.62414976
44.62137515
44.61844618
44.59815462
44.64300359
44.53638238
44.64057312
44.58770162
44.67650641
44.58562944
44.67863059
44.54457356
44.57912094
44.55696894
44.58165991
44.55429047
44.60375171
44.58149329
44.61948279
49.60435056
44.62113515
44.59090485
44.60026468
44.60508844
44.59379118
44.58148406
44.68657835
44.62148100
44.75839888
44.61154906
44.62472700
44.64041100
44.72556362
44.62820276
44.64384644
44.62143435
44.64312759
44.59410244
44.64782853
44.59865906
44.61423279
44.58302229
44.61553874
44.61641503
44.64744268
69.05509359
45.34436026
44.92538824
44.56752556
44.54215597
44.61718691
44.58334662
44.51375544
44.65267771
44.66290891
44.63578103
44.61530835
44.60103435
44.64882944
44.60272574
44.59802535
44.60345079
44.62289988
49.69241188
44.67001768
44.59401426
44.68256094
44.72187988
44.72254471
44.66885115
44.69300521
44.67717256
44.63314915
44.64988147
44.65378200
44.61339682
44.73567279
44.66734612
44.67608197
44.66631671
44.64879697
44.75715168
44.66555147
44.69824088
44.66428503
44.65289356
44.71356171
44.67162771
44.65252574
44.65161926
44.65671882
44.64919479
44.70811641
44.82133459
44.83687829
44.80001662
44.83021882
44.81488076
44.81319318
44.84867541
44.67704085
44.58121906
44.78783644
44.55790997
44.59220324
44.58592456
44.71400947
44.59339768
49.62449315
44.62101756
44.63733003
44.61006076
44.55512494
44.57646753
44.55656891
44.57522438
44.58088144
44.59543603
44.55568782
44.59366856
44.54611959
44.71133488
44.64276838
44.59456803
44.64846674
44.60371444
44.61109694
44.63676597
44.63743268
44.56555129
44.58564938
44.62315938
44.61417397
44.58999279
44.61378685
44.37227753
44.36612288
44.37939753
44.38102156
44.31828785
44.38478265
44.31718456
44.50492682
44.58432026
44.69375256
44.58763629
44.58534497
44.57289562
44.72954918
44.58270997
44.58839985
44.56007126
44.59731685
49.59134506
44.62158788
44.58957932
53.23293691
53.36315674
45.57735971
45.52296574
44.82965821
44.57991779
44.64619547
44.60772832
44.67669471
44.72110641
44.66132621
44.57972091
44.60005197
44.59649932
44.81565376
44.63079803
44.60614062
44.61250362
44.64107662
44.59765465
44.57474562
44.58315409
44.57918768
44.53956682
44.53769574
44.55840762
44.51912000
44.54226376
44.52764921
44.55752185
44.63273241
44.60813785
44.69607038
44.59287559
44.60955597
44.58735432
44.66256265
44.59662476
44.60839762
44.57896203
44.60081229
49.67172512
44.64540368
44.59921374
44.64866862
44.62266276
44.74745591
44.64449285
44.59011771
44.56331571
45.86624888
44.54832432
44.55805444
44.61111118
44.65871638
44.60633462
44.65378306
44.66864009
44.61104462
44.65081509
44.67793821
44.67253906
44.64449985
44.66390350
44.72565976
44.75418118
44.74714685
44.73288482
44.75651782
44.68911162
44.74589226
44.70312632
44.72010782
44.63059112
44.61095885
44.52342426
44.64298744
44.57413324
44.61847003
44.62511221
44.59962724
44.55552538
44.61120603
44.56244685
44.57321762
44.61035362
49.61447900
44.58241518
44.54815562
44.57186268
44.57455215
44.58916709
44.64645068
44.58349891
44.61974441
44.73060094
44.60039038
44.58866094
44.60181271
44.65479591
44.62387653
44.61053268
44.60405929
44.63815344
44.62769059
44.60165429
44.61945782
44.62792506
44.69583853
44.66946232
44.73352482
44.65025479
64.17926815
45.99557859
45.32588253
44.63715303
44.61416176
44.67271456
44.66512574
44.72514594
44.75592988
44.78624344
44.67688685
44.70290824
44.67808256
44.65126918
44.66574641
44.66999335
44.73069262
44.70009309
49.73680312
44.76609215
44.69991659
44.62067426
44.64792147
44.60927512
44.65031456
44.60146785
44.59676385
44.57957179
44.60110559
44.68046191
44.74679350
44.79517882
44.75150026
44.67380674
44.72780288
44.68050256
44.74493421
44.67500276
44.58881879
44.77102541
44.56231897
44.61225344
44.56061344
44.57321403
44.61397579
44.56558209
44.62256494
44.60175538
44.59830853
44.61654947
44.60032747
44.60225744
44.67441882
44.73372250
44.63482115
44.60198800
44.65159821
44.63030053
44.61260544
44.61385791
44.62408594
44.60743494
44.64671429
49.65977432
44.58918215
44.57023600
44.57959600
44.58701718
44.61232706
44.90193588
44.59262482
44.61772103
44.56340676
44.61505212
44.57979776
44.65034668
44.63919453
44.59159926
44.57911944
44.56778047
44.60376297
44.58937347
44.61154500
44.61754835
44.69154971
44.65845132
44.62821047
44.60099506
44.59273665
44.62776829
44.56858206
44.60125418
44.56404682
44.59000326
44.61288862
44.60631947
44.56737335
44.57866985
44.67777491
44.55321415
44.53624424
45.76725868
53.06876694
44.54209947
44.54140509
44.61788929
44.57699076
44.59376906
49.57593579
44.58770544
44.63373968
66.34984141
44.84513874
44.63051400
44.67465229
44.70291865
44.74045147
44.64146968
44.69638906
44.79273288
44.73316924
44.61521074
44.54984338
44.58191971
44.55770850
44.55029909
44.59028991
44.53493185
44.60982497
44.56981409
44.59020868
44.52751238
44.58879300
44.59900759
44.59276226
44.56265547
44.52695209
44.57931274
44.59772894
44.52386168
44.55974415
44.58169553
44.67547882
44.63982109
44.57417679
44.58891500
44.58462109
44.66958494
44.60746538
44.61902576
44.58874565
44.61169965
49.85406709
44.56554488
44.61535241
44.58034232
44.57073971
44.59196315
44.60605079
44.59562588
45.91345194
44.57057362
44.58794656
44.57104671
44.67690421
44.60281015
44.58349853
44.58768321
44.56655053
44.63870056
44.57751341
44.61888226
44.59836147
44.56279547
44.63860659
44.63391174
44.60814662
44.57739256
49.64319721
44.60051838
44.61820794
44.59988835
44.59743600
44.61065379
44.63012532
