57.47328129
45.74010906
45.59588689
45.86224920
45.73826071
45.60138411
45.64968789
45.70150011
45.64585500
45.57322463
45.57373866
45.59586489
45.54745360
45.60582666
45.59780040
45.61207729
63.04185426
45.59878791
45.58614043
45.57082386
45.59196460
45.50323571
45.62415786
45.53434560
45.64730577
45.72466680
45.64010703
45.52573743
45.62774023
52.23969329
45.56042911
45.60812423
45.65556871
45.56603226
45.58495814
45.59187440
45.65029177
45.58895291
45.58656411
45.64595534
45.60674197
45.56100469
45.59824531
45.56194583
45.60416617
45.52245391
45.64125149
45.69912257
45.65752071
45.57864103
45.60869149
45.63174160
45.58588986
45.52653837
45.57658197
45.55163017
45.61719774
45.57703426
45.65477460
45.62553386
45.62344529
45.67242894
45.63043403
45.63156537
45.59769637
45.56804094
45.59678934
45.65794163
45.70667803
45.71165860
45.66863186
45.63472400
50.96215309
45.60468680
45.60092683
45.55603334
45.60144811
45.52661940
45.65399817
45.61003937
45.64517829
45.56820786
45.60740880
45.59639566
45.58013409
45.50466300
45.55929146
45.53595103
45.58431689
45.55661426
45.63928663
45.64488229
45.63179820
49.13968137
46.13985189
45.54208477
45.64286703
45.55344254
45.65131034
45.71502454
45.63002557
45.55640517
45.62749366
45.59795226
45.61913754
45.56106286
45.68575114
45.51279589
45.57180943
45.54421806
45.64788706
45.71137246
45.75704229
45.59523366
45.61523066
45.58288763
50.63992811
45.51608580
45.55792986
45.57090011
45.58650614
45.55633843
45.56552140
45.57858531
45.58412043
65.54985046
46.97508131
46.05502109
46.05516086
45.75350526
45.58505629
45.60900229
45.72810886
45.68211583
45.75658094
45.66576580
45.68334051
45.53907540
45.62938211
45.53812646
45.54546723
45.53909211
45.64657011
45.61143100
45.58227429
45.61304031
45.64476054
45.58901311
45.60401677
45.54336683
45.58201597
45.48147477
45.60237971
45.61674283
45.65290909
45.64745900
45.67761117
45.53869006
45.60026234
45.57750191
50.74108991
45.52214249
45.67222529
45.61794560
45.68280797
45.59531354
45.63117023
45.57766386
45.62265274
45.54695346
45.61583257
45.54852209
45.59446923
47.04220291
45.67465623
45.64045754
45.68420771
45.66929254
45.60882091
45.54775526
45.56447660
45.53781180
45.67348049
45.58523234
45.63592583
45.58626243
45.64959060
45.67192443
45.58720983
45.64677317
45.89379349
46.68752657
45.58090271
45.53773857
45.64952366
45.65292171
45.73008854
45.63810854
45.68489417
45.72548734
45.66842437
45.55223723
45.59333683
50.47550980
45.65257323
45.55896349
45.68597231
45.61213254
45.63737280
45.63912423
45.59696509
45.59258811
45.60921466
45.53192743
45.63632071
45.56972900
45.55658380
45.71877820
45.64065131
45.51843826
45.59481903
45.64455011
45.60973126
45.53920880
45.60627846
45.58066217
45.60059471
45.60201757
45.64577103
45.56149666
45.57338340
45.56242811
45.65918694
45.52966497
65.59552331
45.83835994
45.85374654
45.63830680
45.71177109
45.62562603
45.67270446
45.65783143
45.79122871
45.64489009
45.62393171
45.53332843
45.63273403
55.79600920
45.67361963
45.71099054
45.61577917
45.62447897
45.67315343
45.74366831
45.63981549
45.56599820
45.67965043
45.62851309
45.60788191
45.67314037
45.66482977
45.64929383
45.71832106
45.65668563
45.72305266
45.58275643
45.62105091
45.57001054
45.58897289
45.66949414
45.60359131
45.61048783
45.59072463
45.55728517
45.58984043
45.55811794
45.59543546
45.51996469
45.62314409
45.56674891
45.62488943
45.54189189
45.65611049
45.56525340
45.61784066
45.61829057
45.68470846
45.56334603
45.64903443
45.51163226
45.60770591
50.66992100
45.62388000
45.60810671
45.84682931
45.64998777
45.68100174
45.57117423
45.60346720
45.52669077
45.55608691
45.52937269
45.63138377
45.56570549
45.63020603
45.54003043
45.66681540
45.56573134
45.67580440
45.50727909
45.58060263
45.53516340
45.59296866
45.53558737
45.62490331
45.57557403
45.77051674
45.64369234
45.62004057
45.63544234
45.61695777
45.55057391
45.56890320
45.73214940
45.68238786
45.60080123
45.67402954
45.60693669
45.67087797
45.59427931
45.75815274
45.52326823
45.53800760
45.62703843
45.63505140
50.60456123
45.65711703
45.60828640
45.58638957
45.57400006
45.61968954
45.52616746
63.66795571
46.92068649
46.77641031
45.56633303
45.66130426
45.61200140
45.68966263
45.58093140
45.66966883
45.67083123
45.66877931
45.56178460
45.57415211
45.64030846
45.59608654
45.52420737
45.58755443
45.58339423
45.61239243
45.55677171
45.60265949
45.51482600
45.52981457
45.60666366
45.71193129
45.71586989
45.77258374
45.64693963
45.65369086
45.63217814
45.76023520
45.59050854
45.58477460
45.60275146
45.67454689
45.67093231
50.78749931
45.58076126
45.68770206
45.72524300
45.62580757
45.60399971
45.60340771
45.55106951
45.60453263
45.64212446
45.67547849
45.59077077
46.98130283
45.63036969
45.64370414
45.53650977
45.60306049
45.59425491
45.56720254
45.53224854
45.59247563
45.57627997
45.53429954
45.54582009
45.55131957
45.52887194
45.58210100
45.52745360
45.54958140
45.50261851
45.53442614
45.51636134
45.56529203
45.48965771
45.56427106
45.58620917
45.58099966
45.52909597
45.60824040
45.57078451
45.57019329
45.59494397
45.59859406
45.64032800
50.57980297
45.63313511
45.62968760
45.54178797
45.57612360
45.55762194
45.59794811
45.56183611
45.65583494
45.58395854
45.68291029
45.57476009
45.63281983
45.72575740
45.71237454
45.53872526
45.58343706
45.62422403
45.61934083
45.62169357
45.60657866
45.56748034
45.58737043
45.65421917
45.62851677
45.58323031
45.58943866
45.56330231
45.58816843
62.62777951
46.57361949
45.61774797
45.62484426
45.65422766
45.64819303
45.55464983
45.57704286
45.58704497
45.65195877
45.62168377
45.60036849
45.59765717
45.63588706
50.70304237
45.65258514
45.58686637
45.55296751
45.49343009
45.49254597
45.47584723
45.56852054
45.50093320
45.57336629
45.52081897
45.53039794
45.48151563
45.53923451
45.50914134
45.58414580
45.54112191
45.59421077
45.61997426
45.57689574
45.55877623
45.60602466
45.54719717
45.63722220
45.54744074
45.52668369
45.54699429
45.54542389
45.57729851
45.61765866
45.60991923
45.68637089
45.58471334
45.68614397
45.57421517
45.65968431
45.52423391
45.59463891
45.56740874
45.68705194
45.58817909
45.61986960
45.59867954
45.62000863
50.62166154
45.66552146
45.62159957
45.62636191
45.53120940
45.60106223
45.66393389
45.72263274
45.59059117
45.61303691
45.64906043
45.65310703
45.56672663
45.60391517
45.53566946
45.58253623
45.54702923
45.64013209
45.57729586
45.59366114
45.58934734
45.57416746
45.54047937
45.63163540
45.61310600
45.57076497
45.50061780
45.61104769
45.45361537
45.56963397
45.54102646
45.60701840
45.59098420
45.56545589
45.52149960
45.63441840
45.52309554
45.56356934
45.57868106
45.71924734
45.57687254
45.70997846
45.57081257
45.60401737
50.47213646
45.65065800
45.48185766
45.61260660
45.57557903
45.64886537
45.64156309
66.46047617
45.88518800
45.93867417
45.72688386
45.64015777
45.56090174
45.59675523
45.55791443
45.68736574
45.74003486
45.63514097
45.61314291
45.59801943
45.62267771
45.61294971
45.59995660
45.55536357
45.57117477
45.59858994
45.64151434
45.67875440
45.65460174
45.64182783
45.68033903
45.65582466
45.53216617
45.62894414
45.52601937
45.61405911
45.53267709
45.57711294
45.67411200
45.58827754
45.60899674
45.66380051
45.66251077
45.62528340
50.60163931
45.63344729
45.55621754
45.59424400
45.54301391
45.58719920
45.52481509
45.55537760
45.55324377
45.56025811
45.47852246
46.81633443
45.56133329
45.59719123
45.53497129
45.60928100
45.63891709
45.56911051
45.50698120
45.57168454
45.54955129
45.58806723
45.51775726
45.57682097
45.57123091
45.64079420
45.63474434
45.65464394
45.59449697
45.67973889
45.55571080
45.61882997
45.52119549
45.60247737
45.56914051
45.58453323
45.59167631
45.66767366
45.71117629
45.61808340
45.75493123
45.67614843
45.77938123
50.65753549
45.69104223
45.72816971
45.73597389
45.74104437
45.66966494
45.64480486
45.71067474
45.69324617
45.60062866
45.76490426
45.62636477
45.61243691
45.77138077
45.64560026
45.66682371
45.74903409
45.63399643
45.62374583
45.56967814
45.62698400
45.60096771
45.63153806
45.64470314
45.68103991
45.62234900
45.69950740
45.61782991
45.60717603
62.19107723
47.46776534
47.10010589
46.73878789
45.54346503
45.61167911
45.57461051
45.62655303
45.57765586
45.72921246
45.59056783
45.61556420
45.50476123
45.62584954
45.49267294
50.84644154
45.63745454
45.61523477
45.68260863
45.67305351
45.55554349
45.59736217
45.59948163
45.63297611
45.58641800
45.62921920
45.57176603
45.67725869
45.58775723
45.61752563
45.60397383
45.71162491
45.72700237
45.73805811
45.70190846
45.77095269
45.61058474
45.90443580
45.70254146
45.74540509
45.70532251
45.68602494
45.70600323
45.67498314
45.59903531
45.66080523
45.61002557
45.65334446
45.68858974
45.68425546
45.68038569
45.64163011
45.60181106
45.67574417
45.59796451
45.59953291
45.54460497
45.62830106
45.52678003
50.68446440
45.74613323
45.61839340
45.67411171
45.57871403
45.57825300
45.60876280
45.57327220
45.66151186
45.56743040
45.63149789
45.60168620
45.61829289
45.55956557
45.58792929
45.67206577
45.67520289
45.58194783
45.60753957
45.55642071
45.62698731
45.58436689
45.66197343
45.61005763
45.62961394
45.58522160
45.62069466
45.54748486
45.62800343
45.51495906
45.55788269
45.61952626
45.63393380
45.60550646
45.62410523
45.63924917
45.60611023
45.73499114
45.61672049
45.59150551
45.55630126
45.51745991
45.50207680
45.54558463
50.58583717
45.59780123
45.55177706
45.52773951
45.56416134
45.46832100
65.51323414
46.39817057
45.97799840
45.51035143
45.54042263
45.53804943
45.58701674
45.56149837
45.67818520
45.71508174
45.59837174
45.52773700
45.60786294
45.61002517
45.57234951
45.55945449
45.64158671
45.72341563
45.64425326
45.60129986
45.59357800
45.59228791
45.61203329
45.53228889
45.62323691
45.62564517
45.71071369
45.55728617
45.57594220
45.60852457
45.63862046
45.58257331
45.60499703
45.50026720
45.61887777
45.60853691
45.60911903
50.66476751
45.71105371
45.58146003
45.56398949
45.51319386
45.56194100
45.48195297
45.54386311
45.51933589
45.57368514
45.49385020
46.90488411
45.52290409
45.52745266
45.56936977
45.63248214
45.53909437
45.59681671
45.51698746
45.62540240
45.77621751
45.69742134
45.65427591
45.73430091
45.66626394
45.81100403
45.62846423
45.65231531
45.54803874
45.62856843
45.63420183
45.71169071
45.63675249
45.67195437
45.61816997
45.71427417
45.64094111
45.68965091
45.61054297
45.60115557
45.55727257
45.53680883
45.59243351
45.60219317
50.57809903
45.62413717
45.55683983
45.55578991
45.53298869
45.62107860
45.52390657
45.57750269
45.59550337
45.78300289
45.62601803
45.65410069
45.73190926
45.68504240
45.56779306
45.72523374
45.54013986
45.67183586
45.60226094
45.75999374
45.65106157
45.77561966
45.69777894
45.68239040
45.68045154
45.67700263
45.56897369
45.62885406
64.75337660
47.41414134
47.53083674
45.74978854
45.59277269
45.60583406
45.60390117
45.69784977
45.63334911
45.78924323
45.59094226
45.54527369
45.69575749
45.70513246
45.68373023
50.80761597
45.82635777
45.76738606
45.66439917
45.63868760
45.58606274
45.67550566
45.65536706
45.68071254
45.60859809
45.66279791
45.63682651
45.64692134
45.65617409
45.69926654
45.68328606
46.32034617
45.57296914
45.70260929
45.67414597
45.74705731
45.62986966
45.69769757
45.66544566
45.63125094
45.62326054
45.68893574
45.60645317
45.64009663
45.73691983
45.68173923
45.62863766
45.63808440
45.55698489
45.58639986
45.53178317
45.54280777
45.55941949
45.52887620
45.54534157
45.60778503
45.53254054
45.59437423
45.50111340
50.57462617
45.51017674
45.52171440
45.56068666
45.54725317
45.82410043
45.55296237
45.52637363
45.55233114
45.51318871
45.50944637
45.57000594
45.55633943
45.50720271
45.55686266
45.61818306
45.57258369
45.56574571
45.58406577
45.56937111
45.55006491
45.56507309
45.64395457
45.57844251
45.57144403
45.54670309
45.64283163
45.55711577
45.55385463
45.62615389
45.62811246
45.57243609
45.58393354
45.61438551
45.54374346
45.50106089
45.60275114
45.54600714
45.56032660
45.57506906
45.61988200
45.72104697
45.64232931
45.55280471
50.64214866
45.57728166
45.62332346
45.55352060
45.60661780
56.72729746
54.74999363
46.19553334
46.29550049
45.91154189
