56.67889181
45.81489356
45.63590089
45.59880667
45.54740183
45.55014417
45.54895044
45.95629278
45.58665250
45.55500317
45.61243364
45.78207328
45.56811331
45.56826019
45.65577947
45.61205494
45.55245869
45.55760364
45.53680267
45.56962528
45.55264131
45.57185036
45.54379667
45.59205906
47.07917922
45.55648986
45.60612825
45.59583406
45.63555264
45.68136583
52.34496561
45.58523356
45.62827258
45.59447797
45.50940650
45.54548997
45.58698469
45.53892978
45.66560706
45.56146697
45.55136700
45.57837567
45.55822167
45.55877842
45.56019525
45.55925186
45.54109642
45.53694906
45.54115856
45.61549239
45.66389300
45.59691233
45.55606911
45.56713017
45.57155542
45.56544942
45.54381639
45.57277192
45.53972767
45.61943844
45.59344275
45.59001200
45.56239744
45.59735892
45.58652903
45.57937775
45.60996847
45.55772839
45.54837583
45.69061236
45.55416603
45.58939478
45.60131161
51.01121372
45.59597342
45.55535536
45.60325308
45.64047583
45.54676872
45.58113889
45.55761861
45.57186800
45.55311350
45.54522314
45.53453717
65.92208203
46.81689639
46.36627769
45.54336633
45.55830167
45.56526617
45.60385881
45.57234853
45.66569964
45.71189631
45.65185378
45.60504106
45.57513558
45.60819667
49.59297922
45.64735547
45.55802447
45.53132044
45.60939067
45.56862672
45.56501000
45.52971894
45.56254447
45.56116733
45.56166181
45.54415925
45.54394881
45.56007836
45.54808150
45.52663450
45.54619569
45.67293736
50.77272086
45.55629722
45.61127275
45.61777478
45.61507150
45.57073789
45.59420175
45.60490094
45.59232200
45.59177003
45.59565494
45.58318375
45.58167647
45.54188089
45.56500250
45.86880392
45.56972492
45.57819744
45.56418269
45.55343522
45.63170353
45.58000458
45.58123250
45.55445347
45.55104225
45.56102214
45.56419711
45.54640336
45.57256261
45.54792844
45.60738517
45.57582006
45.57237219
45.56375694
45.55599375
45.57103161
45.53549806
45.55724961
45.57913942
45.59612158
45.57928053
45.59526147
45.67029561
45.57858797
50.62185675
45.53028586
45.65870447
45.53733233
45.55563075
45.65458136
45.57429911
45.55813064
45.57432731
45.57255558
45.57354692
45.54966725
45.56165022
45.57874181
45.58753625
45.54575833
45.55835786
45.54808722
45.55921619
45.57700675
45.72775758
45.55653503
45.57549625
45.55402122
45.56870433
45.59991158
45.56468442
45.63275889
45.61211308
45.57898700
45.57453108
45.60282433
45.62194847
65.31801550
45.86868758
45.54623008
45.56777719
45.56032153
45.59677211
45.54874392
45.59745606
45.60103675
45.70866428
50.73761042
45.56550281
45.58298231
45.59682783
45.57457086
45.58931247
45.62927706
46.79503922
45.81874975
45.54901581
45.54979386
45.55305206
45.56654911
45.52169028
45.57230097
45.60372925
45.61152906
45.60337997
45.59913781
45.54454556
45.75910717
45.57280089
45.56668794
45.54844661
45.57947414
45.59278419
45.54855253
45.56753831
45.56381347
45.57192767
45.52995047
45.57083525
45.56378875
45.55875031
45.52486342
45.55509653
45.53677739
45.56518664
46.87257700
45.55272472
45.65262281
45.59589553
45.66544450
45.59463097
50.59181739
45.60304817
45.60918225
45.60113761
45.61644206
45.61172411
45.57278919
45.81869464
45.62495969
45.61051683
45.55876947
45.58475267
45.54881594
45.58976892
45.52405378
45.55533747
45.61096233
45.55250339
45.59590417
45.56143700
45.67858136
45.59244972
45.56008567
45.58000344
45.55562244
45.57466558
45.54544253
45.53990094
45.53968739
45.54763483
45.55791564
45.54170506
45.55582353
45.56256939
45.59246931
45.61386956
45.56021928
45.58729753
45.60444503
45.70858506
45.59705642
45.55426172
45.63850336
45.54251392
50.60476583
45.55616181
45.61002389
45.58937581
45.53677089
45.58341942
45.56496300
45.58020833
45.62839814
45.55947653
53.71007494
54.26099661
46.38137281
46.38036622
46.37640761
45.60080094
45.56707764
45.55562267
45.60757172
45.60688325
45.69090606
45.60227861
45.58547789
45.60855956
45.64421233
45.59603903
45.55290475
45.59807861
45.54993175
45.63153314
45.54429767
45.55127628
45.54551533
45.56612594
45.57872083
45.59112364
45.55688322
45.57065686
45.58186092
45.56712347
45.58657608
45.65633869
45.59639336
50.59429125
45.60871233
45.60196975
45.60068264
45.56031953
45.52559842
45.53211219
45.54893939
45.54424208
45.56295339
45.57465889
45.59551711
45.56995811
45.55223269
45.63091969
45.61466617
45.59504908
45.58182717
45.56260136
45.55322464
45.72620067
45.58663900
45.54318664
45.54743919
45.56066603
45.58171283
45.56806678
45.57732425
45.59632661
45.58129319
45.61875478
45.54809014
45.60627592
45.53658328
45.55004519
45.55375517
45.57576631
45.56053803
45.59370589
45.58017225
45.60519047
45.56286792
45.68983208
45.62048367
50.57909114
45.65376661
45.70359661
45.60143864
45.64494811
45.60860719
45.61916842
45.58469761
45.56993481
45.55930375
45.56925794
45.53774969
45.59799692
45.59773139
45.57163356
45.56664092
45.56996739
45.56821369
45.56156442
45.61716058
45.65028478
45.61959836
45.58004775
45.57075236
45.55603733
45.56733983
45.53444333
45.54548100
45.55783356
45.57724044
45.57643456
45.60186050
55.49323275
54.38218942
46.09686161
46.24808600
45.68158656
45.63381878
45.57027956
45.53986222
45.61942094
45.55412431
45.69298906
45.62050167
50.59719111
45.58330792
45.58384158
45.55662372
45.59864942
45.58047511
45.55274303
45.55009586
45.56887900
45.56883539
45.55060114
45.56643053
45.54298825
45.54753194
45.56076525
45.55634753
45.55538206
45.58589578
45.55619094
45.65054597
45.61641631
45.59705908
45.68851200
45.57553228
45.62449717
45.60535947
45.58476839
45.54382383
45.57021625
45.57883728
45.59374722
45.62836561
45.58694525
45.55766708
45.56886244
45.55542692
45.57927656
46.84518283
45.55286703
45.57559336
45.57438819
45.71270658
45.55947689
45.57777536
50.63364361
45.62248958
45.56717033
45.55882342
45.58396906
45.57568708
45.56350461
45.61728864
45.59246431
45.59729794
45.58840664
45.61014142
45.84027136
45.59207278
45.56750778
45.56870397
45.55956742
45.56444331
45.54788689
45.67877647
45.56280211
45.57333167
45.55418897
45.54094922
45.63545569
45.59616611
45.56194372
45.56418394
45.56985606
45.57454692
45.54690472
45.54691331
45.52399875
45.54686717
45.63166164
45.58350033
45.57554311
45.56197622
45.69592692
45.57742044
45.60884925
45.72666814
45.57292714
45.59562039
50.62537475
45.65355819
45.59627453
45.57500603
45.59655928
45.57744447
45.58972736
45.57093094
45.57168903
56.38399006
52.17609028
45.91277003
45.56340719
45.53829247
45.58509275
45.56194033
45.53353967
45.60098533
45.66053311
45.62170558
45.52719522
45.54203472
45.55267228
45.77373403
45.56181444
45.58728786
45.57542056
45.57273658
45.58184711
45.59303450
45.59728356
45.62284281
45.57278864
45.65537133
45.57653117
45.54550378
45.55972247
45.57373386
45.55171114
45.56266550
45.62918203
45.58700878
45.55503961
50.61211583
45.60285308
45.63028811
45.54696350
45.54475525
45.57221036
45.56354439
45.54489386
45.54313194
45.54321586
45.53419103
45.54907236
45.56165617
45.56732214
45.58657647
45.60140147
45.60150439
45.58338719
45.59607753
45.65879975
45.60351617
45.58648253
45.57753053
45.57890631
45.57002919
45.65549394
45.56983364
45.58133808
45.53637397
45.62800106
45.56193878
45.57945981
45.56367425
45.65494547
45.58467039
45.54931833
45.67740550
45.54970967
45.56475994
45.57553478
45.56069333
45.65088614
45.57710847
45.56263392
50.54983819
45.60311022
45.58023281
45.60164297
45.58979206
45.58634250
45.57146542
45.56749619
45.60489364
45.59041167
45.57176850
45.57808017
45.61560714
45.52882283
45.53432947
45.53318764
45.55584483
45.56627125
45.56839325
45.65238725
45.55628614
45.56596436
45.55269714
45.55068289
45.54740728
45.55806064
45.55141342
45.54853547
45.55322619
45.54260228
45.54938756
55.98049100
55.14744017
45.97858611
45.59201356
45.61127519
45.58207769
45.62445178
45.60957261
45.64705808
45.63175344
45.71121669
45.67622253
50.72045644
45.65742300
45.58709256
45.54516167
45.55289517
45.54163969
45.57589039
45.57231217
45.55141839
45.55840744
45.56645886
45.57178758
45.56099267
45.55700408
45.53604725
45.58324197
45.57939467
45.53496606
45.56096769
45.61099108
45.57391172
45.56045883
45.56293044
45.57340703
45.64073583
45.58320703
45.57410975
45.64911717
45.60909561
45.58920089
45.58474664
45.59542094
45.58333733
45.55386150
45.57311622
45.55907164
45.56159714
46.85926358
45.54992747
45.56730872
45.54498667
45.67835517
45.61493314
45.59052986
50.58016419
45.62401317
45.56099089
45.55827825
45.54228364
45.66610517
45.56433214
45.62426700
45.55294783
45.53943922
45.56463861
45.55516425
45.58831958
45.58197769
45.59021828
45.62329686
45.58455769
45.59503119
45.59173194
45.69698297
45.60750025
45.55528506
45.56455781
45.55568875
45.58676489
45.56085886
45.55461164
45.55951586
45.56214711
45.56242483
45.56089992
45.57956775
45.54764133
45.61132244
45.61543978
45.60794608
45.57118508
45.56499731
45.66423136
45.58368208
45.55394283
45.64855681
45.55785261
45.53238283
50.51483650
45.62167553
45.58830961
45.61211014
45.60614914
45.60644992
45.66755953
45.60124458
45.54074092
67.36484908
46.83247953
46.74178797
45.53577778
45.55588283
45.58260050
45.54198353
45.54100317
45.59861783
45.70695772
45.63159742
45.55867578
45.57748942
45.55881225
45.58922736
45.54652031
45.56727794
45.55626278
45.53726144
45.56531164
45.57093386
45.53232025
45.57273733
45.55602481
45.57713261
45.61427317
45.60549422
45.59759072
45.58141508
45.58602961
45.57967364
45.64549292
45.55423756
45.55396014
45.54321222
50.68139864
45.59877158
45.56139250
45.55030903
45.56661944
45.54862233
45.61350931
45.55148619
45.56924508
45.58254472
45.56400506
45.55324864
45.59517417
45.54836486
45.57046581
45.52889519
45.53273108
45.60644753
45.64683108
45.58172583
45.53169781
45.59374714
45.59609531
45.61395844
45.56573261
45.58588236
45.56464886
45.60449350
45.59996553
45.61522494
45.60568542
45.55632106
45.52977469
45.54178575
45.55126147
45.55442417
45.58271061
45.52386586
45.57200092
45.53066783
45.67175342
45.55074186
45.55863900
45.56988231
50.62748342
45.57813242
45.55888869
45.55943950
45.59624014
45.54878136
45.55882647
45.55142694
45.58618581
45.57596261
45.57766650
45.64276319
45.61559964
45.56120486
45.59382397
45.57368547
45.59600356
45.56928083
45.69359311
45.56174883
45.55045747
45.55682253
45.55551014
45.59443475
45.53579653
45.54926667
45.58021469
45.55462792
45.56459650
45.56303369
63.08597133
46.77971642
45.56529417
45.55428728
45.56254503
45.56220189
45.53479817
45.53155406
45.60714717
45.68550100
45.58724853
45.60186214
45.58531625
50.78754753
45.60276781
45.59280436
45.59856992
45.63293647
45.56709097
45.53107189
45.56679708
45.53073275
45.54421364
45.53442953
45.60000492
45.56367214
45.54784233
45.57243875
45.57505811
45.53442511
45.57241539
45.66652467
45.57893019
45.54880425
45.55425386
45.56078558
45.57336336
45.56979047
45.57357472
45.54607839
45.56738342
45.53373206
45.58062944
45.58174558
45.57079050
45.55899661
45.59429419
45.55444072
45.60341967
46.91735389
45.58173806
45.53873803
45.55868739
45.64952936
45.60938725
45.62293025
45.57127322
50.65855708
45.58138097
45.56888775
45.56754489
45.56924128
45.57508147
45.62693097
45.57321731
45.56957639
45.64975736
45.58466608
45.56763897
45.55631428
45.54132808
45.56512700
45.54912114
45.56079600
45.56879922
45.71958039
45.59931636
45.57589939
45.57179278
45.60521189
45.58976375
45.58199911
45.56813639
45.52350467
45.57591844
45.54208453
45.56978131
45.54459919
45.57288558
45.53294275
45.59099369
45.56960689
45.55819692
45.56278333
45.66681783
45.55136678
45.53365922
45.63844331
45.54656833
45.55338156
45.55470369
50.55928903
45.59064039
45.54646156
45.55322294
45.55320514
45.57687519
45.55816014
45.58027719
67.60896947
46.52528386
45.63905881
45.56557781
45.58082464
45.58324511
45.55261022
45.57304772
45.56592283
45.64414906
45.57018364
45.55699372
45.55083619
45.60473269
45.56374336
45.59106922
45.54402142
45.56009264
45.54872558
45.59850464
45.55623744
45.61699142
45.56176889
45.57262869
45.55822233
45.54506372
45.55561519
45.56459875
45.52690997
45.55014558
45.56822650
45.68051247
45.60205239
45.56545553
45.61569089
50.65312514
45.62083406
45.56946078
45.52435797
45.55230244
45.54323958
45.51557272
45.59011200
45.58163725
