59.55200705
47.97866970
47.68008700
47.76050486
48.09017819
47.78795124
47.72713500
47.76032268
47.57007500
47.87236751
47.61397592
47.66809778
47.53236578
47.76807416
47.63171797
47.73521011
47.65687449
47.75827665
47.64988249
47.61698514
47.61586473
47.67734314
47.55253795
47.75120535
47.76775297
47.70833576
47.60992778
47.80934203
54.31032670
47.74612392
47.86021470
47.80578484
47.62984176
47.71601357
47.65682259
47.75365241
47.60653724
47.66831308
47.69696343
47.79511903
47.55356711
47.66165251
67.11702189
48.21736851
47.97516986
47.78741573
47.66992297
47.71574097
47.63265432
47.73813241
47.73544643
47.90595470
47.61541381
47.71708749
47.60702435
47.72099057
47.68679884
47.65271068
47.71244397
47.78120286
47.66441449
47.76231184
47.64118259
47.66191135
47.61778384
47.69808297
47.60883368
47.77584689
47.71590724
53.24683500
47.65799543
47.88926943
47.92001500
47.90765841
47.82307316
48.02879100
47.78793270
47.89937181
47.69868586
47.84803651
47.54650308
47.65301397
47.66065738
47.67596970
47.59694959
47.63105059
47.59688516
47.75331889
49.04395957
51.63825638
47.70758968
47.74784338
47.84098503
47.78387862
47.62042124
47.86282489
47.69090876
47.70773089
47.67102451
47.77072462
47.62600278
47.69510611
47.66554657
47.69375535
47.58224089
47.66104846
47.69073581
47.80083473
47.60091457
47.75031443
47.66487376
52.76325241
47.61803116
47.84363486
47.76142962
47.78942959
47.64466446
47.77000224
47.68785549
47.80454968
47.69752646
47.73225346
47.75449732
47.82408743
47.69424430
47.73396270
47.70240670
47.77911146
47.70163759
47.72662197
47.66095278
47.86222619
47.69980541
47.78580605
47.79906870
47.78553268
47.65423049
47.61622065
47.60495019
47.66895343
47.53762951
47.78162735
47.65147059
47.68968881
47.57038057
47.70895465
65.12717727
47.86015630
47.79430195
47.74932584
47.60010522
47.76080735
52.57506473
47.77400754
47.63486035
47.92867203
47.67626789
47.66624670
47.64130805
47.78436903
47.66413724
47.76943035
47.64169862
47.67144678
47.62593338
47.76041011
47.66240970
47.65835392
47.60466854
47.73543230
47.57290814
47.76532286
47.65355454
47.72721651
47.59249927
47.65759300
47.69957619
47.76381897
47.62061516
47.74836389
47.67229778
47.69626730
47.62833576
47.72512657
47.68471241
47.81597759
47.71172435
47.81974635
47.68527292
47.77867505
47.63595051
47.75348738
47.66690024
47.87350165
52.69354011
47.76513070
47.74019997
48.13248968
47.67982284
47.76923457
47.66221951
47.74048492
47.59027703
47.71434665
47.57000205
47.75983108
48.25624881
47.66677846
47.53627705
47.70945181
47.62320189
47.70198370
47.59844665
47.61634443
47.57971346
47.75979849
47.58394222
47.91476327
47.75658759
47.78616000
47.71215689
47.76909278
47.68679657
47.75519581
47.68951495
47.75614838
47.64476927
47.74801397
47.64640103
47.72728927
47.67284457
47.70355778
47.65449838
47.67526857
47.62398646
47.74355549
52.58116522
47.75059495
47.75011657
47.78809273
47.58998200
47.73385557
47.78817757
47.70327595
47.56645527
47.71504054
47.63268162
47.79979703
47.68871124
47.69324868
72.22434338
50.60047586
47.95694792
47.82718127
47.79046441
47.94866397
47.79123135
47.94015511
47.73678130
47.99614468
47.82738635
47.93263157
47.75916714
47.82121630
47.78221178
47.81015389
47.69411176
47.87464651
47.72328930
47.87243149
47.55103008
47.64866019
47.54261278
47.67015303
47.57713814
47.67057851
47.65042932
47.66723319
52.71905430
47.87230584
47.84930605
47.74131668
47.74421281
47.84350608
47.79204432
47.80998162
47.64180992
47.64481930
47.55552757
47.66436181
47.62962324
47.71820373
47.59839846
47.65322492
47.63487089
47.68067581
48.85776519
47.62051905
47.61867111
47.69561551
47.60847308
47.86940897
47.68904451
47.71975711
47.64078016
47.74989470
47.73162859
47.71922578
47.67982359
47.69053430
47.71448022
47.70350389
47.60104562
47.62586970
47.63526559
47.79603997
47.66079586
47.78047751
47.65957708
47.75164451
52.57313076
47.85956814
47.72950332
47.76586838
47.60797700
47.74172897
47.64906638
47.71026224
47.64097903
47.70136673
47.63363795
47.68479808
47.65853576
47.75259105
47.79367486
47.76864516
47.75458178
47.88502941
47.79449557
47.88724332
47.73987505
47.80354608
47.98533435
47.91423246
47.79807927
47.81194551
47.78993062
47.93253789
47.77575170
47.82514351
47.72974286
47.88771746
47.84808908
47.88007211
67.49944416
48.54222562
47.98143197
47.83534443
47.77405324
47.84633935
47.70358346
52.94458581
47.77590105
48.08989303
47.77739722
47.89054549
47.73967784
47.74424465
47.66333659
47.80178189
47.75109586
47.87028427
47.78491041
47.86653446
47.82462684
47.90900000
47.78955986
47.75914800
47.80522816
47.92838643
47.75155130
47.90375441
47.71296243
47.90724459
47.85939989
47.84488943
47.75852373
47.86471735
47.75087632
47.84092624
47.80427057
47.82512470
47.75826138
47.80427554
47.70311641
47.76138332
47.67418246
47.80563741
47.55502027
47.63576984
47.51617159
47.72505954
47.66100251
52.68383165
47.62753516
47.79339562
47.58121862
47.76741716
47.69434195
47.73504722
47.65072284
47.74330092
47.67498986
47.83260430
47.64490841
47.77177238
47.65783305
47.71853241
47.65386576
47.66158092
47.61994873
47.73989241
47.62977162
47.65756281
47.59695586
47.79953527
47.68482070
47.73618311
47.62807084
47.71558797
47.77695789
47.68750743
47.66426311
47.71787632
47.63731541
47.69717184
47.68789949
47.71564216
47.66133070
47.75193016
47.67839438
47.64542603
47.73858100
47.78696343
47.71319692
52.70611354
47.88243792
47.98689046
47.81597857
47.85352673
47.83327176
47.86696049
47.81131768
47.87644992
47.74000154
47.84159319
47.79301151
47.85901711
68.60496273
48.07787284
47.88099946
47.86784959
47.74855797
47.85487576
47.73025292
47.90196138
47.73286495
47.95057603
47.78682505
47.82521638
47.70386673
47.90677405
47.77314224
47.85389146
47.79044316
47.88018462
47.78011400
47.83827941
47.70000927
47.67771524
47.65388503
47.74111786
47.64250462
47.71054068
47.64000273
47.65879397
57.60297495
47.68797297
47.80144389
47.71120538
47.64757781
47.73459627
47.59415184
47.76478565
47.60643716
47.71292832
47.62582616
47.70345627
47.68323189
47.70152884
47.65057749
48.90413200
47.72951165
47.67937659
48.89123965
47.61350168
47.63613522
47.74514657
47.72660443
47.79441592
47.69056319
47.75065546
47.66218630
47.77617170
47.67247605
47.75120605
47.68660800
47.74902795
47.72856154
47.75237151
47.67788884
47.62510397
47.60228381
47.65589927
47.60652443
47.69434403
47.66218400
47.67054230
52.50514938
47.75833395
47.75107135
47.64104178
47.57242381
47.69973041
47.63579246
47.72703803
47.92399243
47.74110970
47.58984511
47.74272262
47.70930468
47.78879778
47.62942741
47.68968170
47.73118689
47.63549522
47.62417568
47.74679757
47.67319608
47.70606357
47.67444749
47.62525330
47.57160138
47.63500695
47.56702619
47.72062424
47.57431481
47.79318030
47.68132019
47.66992638
47.57098643
47.70625984
69.67415589
48.05020365
47.99152224
48.00660459
47.68282459
47.71861851
47.68146732
47.70037435
52.75694486
48.01476478
47.65270116
47.73263454
47.58946200
47.74678765
47.67698335
47.82335965
47.81670570
47.70820295
47.62455224
47.76216824
47.69194100
47.78989349
47.63268151
47.67179951
47.64213968
47.71299805
47.64252886
47.72743251
47.56924570
47.64882124
47.61677686
47.69432838
47.59105722
47.74701127
47.60064776
47.68209541
47.53732173
47.76605162
47.63740530
47.74231614
47.65355676
47.81134343
47.69019151
47.77045665
47.63987589
47.72109435
47.70751524
47.68231081
47.69757295
47.68734970
52.56497738
47.90261822
47.63421386
47.74518857
47.62271573
47.67387246
47.62846781
47.75511232
47.63936341
47.79558000
47.65055186
47.74258841
47.61917511
47.75469097
47.65258189
47.77863722
47.68946919
47.70375951
47.63697111
47.72801962
47.66824935
47.70736535
47.73032578
47.79029414
47.70754932
47.84082603
47.67758889
47.73654016
47.63206622
47.73129197
47.59148700
47.84090905
47.68315492
47.73453086
47.69057176
47.65496035
47.66561443
47.65590805
47.55595335
47.75081705
47.57313665
47.82333081
52.76411035
47.84074130
47.67875873
47.86817589
47.72922303
47.83567941
47.71223797
47.76505027
47.72089246
47.84447443
47.76195957
47.83510035
68.26251878
49.08540254
48.41394689
47.73300449
47.65135086
47.69569759
47.59855619
47.67821243
47.65273822
47.77534022
47.65301300
47.70185084
47.60284962
47.67227346
47.57141403
47.64195746
47.63196362
47.62920832
47.54923824
47.71098814
47.58449827
47.68729311
47.58930497
47.74459392
47.61245697
47.68632116
47.66142168
47.69507986
47.62687430
52.81005649
47.80189116
47.82817457
47.73178365
47.77597332
47.72806470
47.85959684
47.81115070
47.95082165
47.86177873
47.91109554
47.77131870
47.86611684
47.74743700
47.80398205
47.63532557
47.71534824
48.88112803
47.71512297
47.62017424
47.69793165
47.60150400
47.83135516
47.61240495
47.63733073
47.56312297
47.67044232
47.59742978
47.74023408
47.56847865
47.66558473
47.67069370
47.71599000
47.56344273
47.72413862
47.65928665
47.79554395
47.71708365
47.76659132
47.68770822
47.72383959
47.57824578
52.76323935
47.73711392
47.67798162
47.58402989
47.65663446
47.61988319
47.72642354
47.61343084
47.64923014
47.58631638
47.72196346
47.54703241
47.77743589
47.58270168
47.72592486
47.66849230
47.74881603
47.64072449
47.70104886
47.69494432
47.67919468
47.75762884
47.71664824
47.74614638
47.71192308
47.71806659
47.78506741
47.74663924
47.76756932
47.57158597
47.70336289
47.57895868
47.71635884
65.66332586
47.74071773
47.69257086
47.78508019
47.69560843
47.69130259
47.62912984
47.60893949
47.60528984
52.79337919
47.63194454
47.81633035
48.50686705
47.54790216
47.46827127
47.60745965
47.51791559
47.55704330
47.51150762
47.54260065
47.48086216
47.61529562
47.50594889
47.60020441
47.55831057
47.78736692
47.72438422
47.86883576
47.82394338
47.86510189
47.92944986
47.91210662
47.87306119
47.82540286
47.77337105
47.85113351
47.71810443
47.85998811
47.78693405
47.79247689
47.75385897
47.87912276
47.75470143
47.75484324
47.62001454
47.73614489
47.58568897
47.72333935
47.67725568
47.78648270
47.65765122
52.81305681
47.77461424
47.73868254
47.69865059
47.70908211
47.70406457
47.76878130
47.65710203
47.83308262
47.70185646
47.75141003
47.64376032
47.70714119
47.71076127
47.68613146
47.69760995
47.75310014
47.75470535
47.72494827
47.65447192
47.70117746
47.75969157
47.72841057
47.64027078
48.04742268
47.67911638
47.69103895
47.63809668
47.71541495
47.63396814
47.71886665
47.58271154
47.67315478
47.57543854
47.77307135
47.75137081
47.66477108
47.69047659
47.75299932
47.74171919
47.73744743
52.45451276
47.84810354
47.69171195
47.73737659
47.66416311
47.71249459
47.56782943
47.77354470
47.61591035
47.70415711
47.62459627
47.72937127
71.63271416
48.20513911
48.01236316
48.00782651
47.56386789
47.73065311
47.56930816
47.76465876
47.72377459
47.83198419
47.62166973
47.76479073
47.61599530
47.73616235
47.70210930
47.67582862
47.77239273
47.82748162
47.66913019
47.85256541
47.68011476
47.78719973
47.65832530
47.75761081
47.62196297
47.83903522
47.72096362
47.82869324
47.67386781
47.78119932
52.86664057
47.74863200
47.58519349
47.71657295
47.58364978
47.95134814
47.75177451
47.76057573
47.66866535
47.80423181
47.76170846
47.81326019
47.71000630
47.80331735
47.71740757
47.86268068
49.01511168
47.87020049
47.58329870
47.77602011
47.67827365
47.99156684
47.75598573
47.91708151
47.85183619
47.88446611
47.74337157
47.86495103
47.75570276
47.82893262
47.82796659
47.86624800
47.64777924
47.79336841
47.77095322
47.94251168
47.75497111
47.74075524
47.58699138
47.66622497
47.53701395
47.63715684
52.63538741
47.69585286
47.56428389
47.68575351
47.64582857
47.73433138
47.71051630
47.71990368
47.73313841
47.83273451
47.70581835
47.90108632
47.84073024
47.92164803
47.81510649
47.91071554
47.83738400
47.82220192
47.94216970
47.93417114
47.82891595
47.98749268
47.78823600
47.90752130
47.79610108
47.91129186
47.73965814
47.82769627
47.61030449
47.71591992
47.55515757
47.69574057
71.39853959
48.46754303
48.10443784
47.65755132
47.54938243
47.80172070
47.64058819
47.73794181
47.71590392
52.99581441
47.76374311
47.78989405
47.70797451
47.74856843
47.70618678
47.75332095
47.70189838
47.75597046
47.61475732
47.70518519
47.66391151
47.69673041
