92.58188976
49.78732968
49.59289787
49.61249521
49.52779837
49.62926545
49.61246521
49.59494695
49.81428466
49.59136253
49.55637603
49.63439442
49.59021937
49.60233113
49.60060053
49.55275542
49.56750100
49.70651242
49.52885803
49.51048695
49.43440913
49.48329526
49.85480671
49.56982521
49.57366705
49.57996603
56.20247887
49.60396913
49.62733692
49.69220076
49.58064876
49.53172074
49.47493745
49.57852703
49.48684476
49.58259484
49.53406468
49.63358918
49.56343121
49.57638153
49.47970205
49.48624639
49.58332263
49.61053161
49.56910187
49.64896421
49.60448358
49.98967495
49.75743700
49.75982613
49.66120047
49.70606274
49.62010768
49.63485868
49.53853561
49.50320053
49.60361389
49.66938153
49.58833713
49.60215116
68.33927579
50.58721826
50.54942258
49.79560437
49.54015168
49.57685563
55.12940474
49.57817763
49.68965042
49.56359163
49.49497382
49.57150350
49.50725384
49.49793992
49.55899274
49.68134050
49.55545187
49.52590092
49.45605866
49.55147626
49.45651632
49.54516166
49.44203155
49.55811121
49.52868450
49.75428532
49.55183082
49.53307232
53.96709984
49.60301595
49.52232416
49.65816829
49.66754097
49.56098103
49.55512526
49.54541471
49.36999397
49.50855863
49.38142132
49.62022182
49.58417392
49.61296608
49.60294503
49.62332476
51.09256089
49.49575805
54.75174487
49.56024784
49.52570855
49.58935195
49.59044726
49.62535042
49.66128739
49.59517913
49.60544408
49.60755818
49.42377350
49.60600403
49.48277703
49.56405979
49.56996266
49.62636697
49.66664529
49.68364642
49.60433934
49.61889066
49.52030855
49.61265900
49.56548955
49.64864416
49.60115245
49.58055303
49.60235582
49.63412197
49.51809508
49.59359745
49.57798642
49.58716168
49.46935363
49.64984774
49.55495429
49.66955226
49.56305192
49.57626621
49.60637371
49.52646916
49.52020018
54.56277842
49.52800261
49.74400013
49.51385053
49.55171484
49.58827739
49.57848889
49.64688839
49.55207416
49.53123145
49.56663761
49.59786508
49.50851266
71.28340484
49.62559126
49.52422224
49.57004805
49.49667474
49.53510458
49.47555039
49.62336939
49.70627461
49.54791711
49.48831113
49.57677626
49.43173118
49.59379363
49.45781676
49.51804882
49.48470718
49.53656374
49.46991634
49.61571347
49.58523347
49.63686671
49.61626376
49.48844932
49.60739855
49.54022434
54.60699734
49.70904339
49.65946997
49.62324574
49.71346779
49.63550132
49.65175355
49.67316087
49.60174071
49.58259382
49.52312418
49.57165084
49.54936263
49.55586026
49.48861866
49.55242874
49.51432700
49.50740497
49.53198732
49.61707339
49.57183003
49.64350205
49.59012584
49.57208142
49.47101516
49.45965911
49.47680342
49.49926411
49.57468845
49.65192403
49.48666566
49.54886374
49.59550368
49.61129466
49.60301332
49.65058163
49.61626866
49.60155629
49.57004466
49.54465779
49.47375011
54.54280105
49.48759674
49.74680453
49.54574732
49.62300066
49.51486176
49.53858442
49.52353376
49.50023442
49.46233895
49.57263992
49.45107071
49.50593111
49.44959787
49.58139021
49.61530753
49.51528379
49.55460339
49.60248250
49.47612066
49.52767982
49.56753039
49.56746718
49.49171521
49.56119842
49.62889629
49.56504971
49.58762618
49.55676245
49.60311824
49.63226847
49.58184934
49.65458032
68.13377947
50.10935124
49.55761276
49.58689705
49.58134776
49.59865374
49.48714000
54.62233547
49.60077655
49.69084655
49.53476987
49.51224363
49.45370439
49.67570566
49.47047600
49.63281171
49.65479129
49.58557103
49.52681389
49.62167526
49.56803432
49.52191018
49.54392461
49.65686371
49.57824611
49.60267526
49.59506432
49.58094253
49.48490458
49.63472061
49.53923061
49.59036866
49.55659382
49.62039029
49.50508976
49.58606176
49.60800639
49.48989537
49.59143958
49.62974053
49.55658929
49.49573345
49.41012732
49.46354668
50.83680345
49.62719563
49.45177097
54.52128511
49.55144518
49.60184426
49.57623571
49.55046429
49.52832303
49.56197658
49.54879263
49.50911808
49.56365545
49.66613276
49.71306003
49.67832387
49.56271266
49.66449418
49.61249732
49.60771066
49.69096913
49.68114655
49.66953050
49.66539134
49.61040116
49.67764200
49.63410682
49.73019563
49.63236174
49.55649629
49.54477739
49.61279371
49.53138476
49.51654405
49.45298611
49.63031534
49.41748521
49.56281979
49.57484208
49.56602482
49.49574116
49.51325132
49.57200663
49.61166332
54.45146076
49.71236353
49.55072847
49.54780487
49.42381255
49.36119018
49.39863797
49.40460824
49.54714389
49.66276032
49.58255939
49.66818271
68.25022150
50.21769600
50.20185450
49.64668726
50.27315792
49.54905361
49.63453118
49.56829705
49.57081629
49.62704295
49.37375639
49.46023963
49.49232961
49.50302239
49.52036408
49.56071471
49.52769905
49.53115453
49.52437545
49.53168382
49.48682108
49.66742713
49.56852495
49.58339958
49.56183326
49.62515600
49.64582884
54.60097829
49.54897042
49.84384582
49.60414132
49.63532924
49.55128253
49.55962045
49.43034268
49.52714313
49.52853282
49.59434895
49.51591450
49.57393424
49.53997589
49.58869487
49.42650416
49.56024021
49.56512016
49.57697203
49.55153429
49.60124082
49.48706418
49.65300474
49.61576882
49.66003455
49.56819163
49.61299184
49.54106061
49.53830516
49.65419713
49.61175487
49.48750197
49.49031847
49.51799003
49.60571405
49.50130816
49.49758434
49.52570613
49.63114897
49.56038484
49.63175542
54.52975021
49.68373111
49.64945487
49.61099087
49.60141595
49.64454058
49.72452782
49.59478858
49.60312889
49.54550824
49.51508695
49.53236939
49.50736700
49.57665079
49.51527339
49.59385297
49.50798908
49.61340363
49.50671424
49.64213603
49.63101503
49.71411171
49.50819063
49.62042671
49.73700879
49.69871997
49.52110866
49.56736397
49.54910300
49.67840061
49.55596750
49.59584392
68.28092676
50.46592061
50.26435447
50.29028321
50.18815958
49.65981032
49.44363774
49.61054489
54.61858089
49.73279089
49.47788682
49.58563861
49.47633800
49.50230666
49.51231124
49.56110155
49.54931684
49.59147455
49.58930687
49.54240432
49.56646718
49.59986966
49.51251121
49.48442445
49.50715237
49.57630395
49.52723150
49.57847124
49.52688642
49.65890832
49.48788489
49.55685076
49.46233755
49.63462297
49.48424758
49.48244005
49.49374003
49.56187582
49.51447276
49.63505242
49.47258808
49.54679497
49.58362729
49.53256942
49.55655753
50.86616924
49.49589774
49.51515395
54.48221239
49.67435426
49.61572850
49.54894003
49.51025463
49.58173924
49.50133232
49.62808763
49.56096445
49.57502829
49.62155205
49.55790116
49.55797453
49.58625674
49.56495029
49.62170782
49.53863100
49.60696192
49.66255455
49.60247563
49.58876700
49.76623037
49.52163437
49.61171626
49.55719258
49.57664568
49.57277995
49.60086368
49.51351037
49.50930268
49.49421789
49.54462189
49.53377955
49.49534147
49.51682826
49.59225363
49.46669921
49.44023795
49.48200458
49.67383492
49.51488111
54.59864268
49.58619182
49.60025200
49.58823316
49.57095303
49.51367995
49.59406021
49.59884384
49.63769787
49.45037339
49.61624855
62.71597571
55.73549105
50.18307403
49.63271942
49.50926903
49.53901058
49.43916213
49.60212950
49.72255332
49.63185287
49.58803808
49.58811232
49.59327266
49.57700784
49.62017105
49.72924779
49.64302924
49.73597755
49.65163245
49.71753497
49.47751224
49.68699292
49.54327979
49.66591916
49.56915500
49.54465692
49.47702982
49.65350118
54.51511866
49.72557026
49.62864205
49.64678034
49.52447403
49.62150437
49.48463100
49.57781963
49.49748879
49.55487918
49.60550897
49.63405558
49.61346466
49.59589426
49.61380611
49.58383534
49.59420258
49.58374395
49.56765921
49.59185087
49.60044113
49.66885305
49.54096263
49.70769850
49.63374542
49.54673305
49.52353150
49.53345095
49.56133608
49.58476574
49.62872974
49.63005758
49.61847453
49.59802766
49.58415929
49.60165676
49.60061047
49.62072511
49.55535382
49.55360961
49.55914208
54.53624297
49.57210295
49.58896129
49.57367689
49.60450271
49.56616003
49.63899684
49.53591792
49.61726745
49.56312105
49.53205300
49.46783829
49.46704403
49.50473803
49.59855195
49.54693753
49.61848661
49.57468482
49.51460655
49.56897595
49.56435266
49.59282255
49.63420350
49.48067668
49.67867029
49.53560182
49.60949329
49.74029587
49.54363426
49.45756597
49.52345768
49.48912011
68.08553824
51.01272176
50.95114092
50.14179321
49.56544918
49.58825405
49.63543532
49.67798063
54.68456303
49.68436468
49.51334879
49.50889997
49.59644268
49.52260834
49.53920463
49.49215074
49.57869245
49.53452689
49.53383961
49.56174513
49.57803603
49.51022639
49.53616653
49.53042682
49.58587292
49.45056842
49.58415739
49.47391592
49.56517558
49.46539463
49.66173171
49.58428903
49.59669287
49.67952039
49.72935355
49.69727224
49.68189232
49.49031961
49.57908029
49.44766750
49.55531413
49.63625379
49.59713450
49.55731811
50.84730329
49.58760389
49.60029082
49.55782995
54.59677737
49.58670047
49.54908432
49.56900787
49.63414371
49.44367447
49.67770666
49.56742624
49.55413111
49.60249529
49.66399050
49.58837911
49.62635008
49.46925795
49.57617045
49.53761955
49.59451005
49.56995966
49.58565892
49.54776561
50.92683021
49.70568961
49.60372876
49.56401016
49.56775061
49.59589268
49.61228434
49.41896926
49.54944642
49.48312587
49.60453195
49.56231108
49.66564455
49.57770303
49.53387034
49.58711421
49.55656621
49.51925137
49.66785089
49.55358484
54.45392434
49.64544534
49.58539755
49.56373429
49.55601211
49.39987911
49.45527871
49.48541934
49.54975558
49.53143229
49.52952337
49.53565032
67.83064861
50.85668497
50.85297892
50.45975705
49.50307658
49.60024089
49.62024721
49.58981076
49.58859845
49.57291097
49.54183532
49.48992126
49.61654747
49.60546487
49.62143626
49.51030703
49.53377050
49.56470576
49.63107832
49.53969450
49.54660758
49.44913637
49.64450932
49.59161139
49.68054589
49.58043861
49.72855884
49.54901879
54.75295532
49.54256974
49.54682497
49.51146839
49.70018142
49.56917753
49.64867916
49.54232668
49.57413347
49.61580989
49.57340489
49.47882050
49.50939574
49.47855082
49.57348226
49.54575687
49.59064187
49.52020458
49.50316879
49.50313326
49.61118074
49.57637868
49.58396168
49.46153637
49.57485647
49.57189058
49.51151313
49.56102289
49.49548700
49.56802179
49.61884445
49.46992042
49.56952976
49.37904932
49.54571253
49.50332129
49.55748539
49.50782737
49.54812116
49.51936616
49.58687413
54.57176789
49.78302066
49.64501071
49.73264008
49.74785239
49.75514963
49.67952797
49.71188755
49.70113945
49.70432145
49.60463724
49.69458461
49.53977179
49.67764968
49.53411466
49.66857089
49.57062295
49.68242900
49.58965353
49.58633576
49.61594574
49.59046468
49.50605492
49.55488339
49.57321587
49.65735363
49.63928197
49.66202005
49.52564042
49.60513155
49.57291445
68.11129397
50.59502579
50.76955811
50.52599274
49.99965576
49.46141066
49.69009139
49.58767163
49.65726200
54.72393547
49.62855521
49.58501239
49.57663755
49.55119197
49.58260663
49.54891092
49.47111847
49.44744813
49.52070597
49.51961903
49.51153105
49.51985295
49.53762045
49.43420161
49.51923347
49.56857039
49.54120539
49.47632868
49.58273953
49.52581121
49.57733453
49.56719024
49.64266997
49.64563032
49.62875750
49.52421613
49.59210782
49.63702776
49.70452832
49.48725163
49.57233453
49.48092221
49.54356924
49.38652674
50.65929132
49.28005518
49.42645316
49.23481724
49.34205482
54.31017555
49.40398858
49.29087695
49.39821316
49.54262161
49.46405866
49.46646295
49.66563155
49.63114039
49.69754984
49.61593687
49.61678453
49.56220437
49.55591247
49.57032495
49.62065889
49.56616566
49.59428274
49.52758474
49.53701500
49.50483184
49.54400734
49.51168303
49.57418434
49.48924408
49.62092534
49.55964200
49.52842297
49.50524318
49.57219008
49.51439561
49.44176182
49.42083974
49.47331976
49.51294055
49.61312313
49.44907524
49.58427689
49.60790011
49.56523329
54.49228208
49.57516900
49.53783592
49.45206476
49.48175005
49.54328332
49.46655129
49.58913321
49.64859011
49.49744916
49.59571647
69.15338545
50.65481700
50.66202976
50.43732845
49.62479076
49.47532989
49.56920071
49.43701371
49.58169776
49.53608242
49.56832426
49.47408042
49.53843153
49.48386316
49.49408071
49.38391168
49.60503563
49.31793687
49.52461461
49.32908384
49.49143361
49.43335426
49.66601779
49.60271347
49.63961211
49.56982382
49.61754818
49.69293005
49.63026168
54.75540358
49.57075276
49.42245289
49.45656389
49.41413526
49.43676771
49.40400321
49.51062416
50.75293926
50.87444916
