54.82033026
50.97324613
50.77387487
50.65305605
50.82304182
50.71170433
50.72706972
50.61546733
50.71171136
50.63727979
50.71674938
50.85660372
50.68106715
50.62020277
50.69629438
50.65375979
50.75186021
50.69267974
50.75363013
50.66034321
50.67326279
50.60374256
50.95438644
50.64654656
50.75895215
50.65063036
57.44582254
50.63345895
50.82366892
50.76771069
50.68807410
50.78358123
50.74691459
50.56855964
50.72884626
50.83271723
50.77250426
50.83841044
50.82143067
50.74040944
50.75945787
69.64683144
51.45673867
50.64643218
50.73112636
50.64070918
50.81120413
50.72960795
50.77942467
50.68868897
50.80774103
50.67873526
51.09007528
50.66348638
50.65563836
50.68128951
50.80485436
50.72593938
51.89954792
51.60607838
50.77203523
50.80933685
50.81349259
50.78159277
50.84209659
56.42600451
50.80514487
50.70874836
50.80513072
50.75251721
50.86293126
50.61807649
50.80067082
50.75709197
50.72189308
50.68701313
50.79784551
50.75906433
50.86243797
50.70065005
50.86286382
50.61783587
54.67090133
50.65722556
50.70598603
52.15928082
50.74242174
50.61555990
50.76595582
50.77777864
50.85990859
50.73016582
50.63021115
50.62323528
50.74230849
50.69835910
50.68821849
50.64938936
50.73139438
50.53702726
50.72066800
50.59761203
50.67487869
50.57932887
50.72675987
55.75918892
50.65480933
50.63772954
50.74958695
50.63693862
50.74784679
50.70608097
50.80277233
50.64206649
50.67275923
50.67629826
50.67061485
50.58943600
50.74759364
50.64272264
50.69324218
50.63296454
50.56369656
50.54026572
50.64780274
50.63918567
50.69016756
50.62065418
50.72879785
50.64854382
50.63222118
50.55810900
50.65922903
50.56468092
50.68365605
50.54442841
50.67141044
50.64144718
50.63465074
70.53337364
52.31919128
51.61190869
50.71693587
50.60817600
55.90015608
50.48515859
50.88516315
50.64788967
50.75870472
50.72353390
50.83383774
50.68086674
50.97280800
50.79427628
50.85437990
50.77169305
50.87881723
50.69350069
50.90218256
50.76294500
50.68132177
50.54126774
50.72823041
50.63403203
50.71264479
50.59659710
50.65088979
50.66311549
50.71927190
50.60948062
50.68284569
50.69260031
50.69493215
50.63904262
50.73648113
50.62923651
50.70499031
50.63000590
50.64717531
50.65949033
50.70235597
50.64632349
50.72394405
55.78079828
50.71021785
50.75742521
50.67757874
50.69626087
50.69349382
50.60064900
50.67552362
50.65826433
50.77990956
50.68039362
50.74674223
50.70295095
50.73587395
50.65979464
50.65879808
50.45198705
50.59986346
50.54123323
50.65659041
50.58466182
50.70112710
50.64033054
50.82947146
50.73617387
50.64798815
50.54880269
50.90441995
50.55764379
50.56142610
50.63173982
50.73233156
50.61925656
50.83007410
50.65670546
50.69694159
50.59499600
50.60928141
50.63060951
50.70547085
55.68072392
50.63391718
50.66142769
50.78126654
50.65807513
50.69147208
50.57293192
50.59325346
50.59117133
50.60854513
50.56979390
50.72555354
50.62888251
50.69585682
70.22518033
51.79767774
51.84971851
50.97891149
50.62844264
50.70322174
50.65295892
50.73985379
50.63503441
50.87919500
50.69945508
50.79425074
50.69743508
50.64552267
50.52286249
50.74899608
50.58555023
50.63987328
50.65268872
50.69546464
50.64646597
50.63716174
50.57575754
50.82441010
50.76914851
55.71781277
50.65673951
50.87753108
50.84741741
50.86353438
50.54431400
50.68191964
50.59865105
50.66596187
50.63001410
50.68087862
50.69930210
50.66756826
50.66580818
50.64202462
50.56364677
50.60829015
50.56008818
51.91332564
50.52688231
50.71696600
50.60794338
50.59592072
50.69115187
50.72884041
50.58246936
50.74973387
50.58936746
50.70792249
50.65196103
50.72994072
50.58608446
50.64934254
50.62314885
50.65111185
50.54429018
50.72721821
50.69761028
50.66313067
55.55724759
50.73057559
50.70296941
50.69092326
50.66614428
50.64484872
50.60302864
50.70663000
50.67712626
50.76429233
50.63097241
50.75756877
50.73909600
50.65588010
50.62946056
50.67463992
50.64832379
50.71394300
50.65021121
50.72858697
50.67089977
50.81879713
50.73208197
50.90114264
50.69213874
50.58659621
50.52861382
50.70472369
50.63950992
50.69154336
50.61767179
50.67898203
50.66077877
50.76618279
70.41024013
53.10786521
53.00893277
50.92853410
50.58933746
55.73853808
50.61996397
50.86310172
50.77105967
50.77523177
50.65058126
50.72693262
50.64162533
50.66054762
50.59577938
50.77318174
50.72901141
50.58792400
50.67081613
50.65879492
50.62654674
50.68378592
50.60251803
50.66245879
50.62213395
50.66119723
50.58161559
50.70032595
50.75390692
50.63911467
50.66933705
50.70337636
50.72128126
50.68986177
50.59451472
50.66919987
50.57521241
50.61751492
50.58211549
50.75454367
50.73618805
50.72227197
50.71622113
50.75651638
50.70976600
55.64043462
50.69826872
50.67089831
50.82546459
50.63604472
50.58471505
50.70416500
50.63661895
50.69722641
50.62774162
50.66973267
50.57534369
50.62784846
50.58535703
50.67232882
50.60559431
50.61771064
50.56008351
50.64614733
50.61066156
50.70055118
50.49363618
50.68494746
50.71161659
50.77797503
50.72969779
50.69341059
50.69717356
50.72278569
50.71725854
50.64051926
50.57781433
50.65622274
50.63258795
50.74535785
50.61092931
50.74469992
50.60602759
50.61579182
55.72324767
50.66756510
50.63019290
50.80996764
50.70005274
50.66450846
50.59328382
50.67956892
50.63557828
50.67893390
50.54606382
50.61679349
50.68653715
50.73834692
69.09457354
51.80633013
50.84426685
50.84455490
50.82341887
50.77803503
50.75353397
50.87498882
50.95613836
50.89785449
50.70709521
50.72690928
50.72309728
50.66651367
50.65064421
50.65833633
50.72849938
50.70301587
50.59038513
50.74979062
50.80996862
50.73517269
50.56183700
50.73809033
50.60432669
55.92269238
50.64329279
50.66372305
50.67409105
50.70451169
50.64392392
50.66865379
50.63396241
50.70485990
50.64859190
50.63341246
50.60444187
50.72747113
50.60003469
50.75194208
50.68572067
50.68853336
50.55904828
51.91796651
50.65600933
50.66997623
50.65595054
50.72842995
50.71400174
50.71219138
50.61507346
50.74793172
50.50192510
50.63504092
50.53343538
50.68782618
50.68624318
50.70961515
50.69426179
50.74408351
50.58580974
51.04076664
50.73666851
50.78124962
50.73887231
55.77884572
50.66781990
50.74802364
50.64527072
50.69370110
50.65276982
50.71882364
50.73096685
50.72132082
50.59985264
50.64654685
50.54599682
50.73518579
50.70591287
50.78120738
50.60501949
50.79137697
50.69976838
50.72648600
50.70360567
50.81161562
50.54011167
50.67497359
50.61710038
50.62833046
50.57478882
50.63798059
50.61085492
50.78214044
50.67444546
50.78091313
50.71875313
50.77217510
72.75833333
52.82666936
52.86152221
50.91516038
50.72229300
50.72134426
55.79206287
50.77057379
50.74460864
50.70015513
50.78180538
50.78863592
50.79582636
50.78780408
50.66801492
50.85971582
50.80667921
50.85369577
50.79299328
50.69580008
50.63755303
50.79162672
50.87738433
50.82004164
50.77662003
50.64599987
50.68475523
50.72867533
50.76692705
50.69794687
50.66484156
50.72055203
51.50488495
50.66237995
50.70744174
50.77457751
50.71905497
50.71683164
50.69743303
50.68515044
50.61428928
50.72698472
50.66980436
50.73962915
50.69588556
55.76757023
50.75363728
50.73465972
50.74468321
50.67870397
50.61956723
50.75005500
50.57368449
50.62735882
50.71355213
50.69397521
50.65232187
50.64012487
50.58851082
50.70226928
50.69584590
50.73785931
50.57589128
50.70979118
50.69817087
50.70690946
50.74265472
50.85188144
50.63670308
50.77850985
50.65311923
50.71375128
50.68522572
50.74319823
50.65824549
50.66784615
50.60458121
50.69129285
50.67758677
50.75917808
50.66521123
50.71823882
50.60148390
50.90457633
50.56806949
55.73492249
50.67206454
50.75808069
50.79754754
50.68129482
50.80007238
50.73043967
50.74349518
50.75436238
50.70632651
50.67832041
50.68334200
50.73965203
69.87941208
52.34489879
51.74869049
50.79681972
50.71214082
50.71508054
50.67650067
50.68071374
50.73656918
50.76855749
50.66753423
50.80589610
50.70956749
50.74247667
50.72434177
50.75832700
50.75430910
50.85098051
50.69086136
50.73429569
50.74186167
50.82929418
50.73252277
50.83766269
50.60680726
50.72661138
56.00737697
50.72633667
50.76854951
50.70390810
50.76929810
50.74310785
50.66804874
50.74335103
50.70401613
50.77948249
50.71202146
50.73783951
50.70681190
50.72233144
50.68547679
50.69932892
50.72921503
52.05072028
50.70446190
50.79456549
50.76203226
50.74563185
50.74929664
50.71677677
50.57815608
50.74221315
50.73182113
50.75489710
50.81601595
50.75490279
50.88457985
50.86283477
50.80068472
50.75712933
50.77051597
50.79172415
50.76084418
50.73095977
50.71100544
60.87425562
50.81172821
50.83773118
50.67152244
50.71373759
50.61619497
50.70256590
50.69869262
50.67742941
50.64887279
50.81404926
50.79464097
50.72364700
50.64494197
50.79701903
50.67925997
50.67349982
50.66267746
50.67348026
50.65553692
50.76349649
50.63601731
50.72288951
50.70447356
50.75921446
50.65758526
50.71454295
50.58442682
50.69190946
50.70653095
50.68812674
50.69125187
62.70034779
58.26619672
50.73024492
50.74459146
50.72977900
50.72363877
50.73156744
55.73341144
50.73570031
50.77682574
50.68974472
50.67056531
50.71232162
50.68238805
50.72783951
50.60457487
50.73222531
50.63795033
50.69540018
50.60151300
50.64836879
50.65061477
50.76951651
50.71856272
50.80807738
50.77544841
50.69106559
50.59862638
50.70040577
50.78948200
50.69566585
50.71185936
50.78337113
50.70059562
50.73729305
50.85684910
50.71607508
50.70907431
50.74682605
50.66389400
50.83614287
50.66030267
50.78259759
50.58855472
50.72424395
50.77740595
50.85329387
55.77870774
50.86024033
50.61136967
50.63815354
50.49920049
50.72712538
50.62417772
50.70186333
50.62429600
50.80427779
50.67900182
50.76481849
50.62948846
50.67977779
50.67374900
50.66546854
50.69081972
50.69939921
50.66048567
50.61489221
50.65935428
50.88036659
50.62859638
50.80173690
50.78420823
50.86235900
50.78728274
50.83087564
50.73464654
50.85167082
50.77364705
50.82615349
50.77515349
50.79764772
50.77894828
50.68268254
50.60182085
50.77735992
50.72929344
55.71837446
50.68494323
50.94685221
50.75562872
50.73252164
50.57361869
50.73691226
50.63400531
50.77750962
50.71433474
50.75003218
50.74312467
72.82845477
52.38313777
52.22049531
50.88555162
50.78208772
50.68536097
50.71923979
50.72265923
50.83735462
50.81094036
50.78018272
50.60297251
50.78419259
50.65242564
50.63206585
50.66152092
50.65523515
50.60609944
50.65176905
50.64699185
50.67253321
50.71214013
50.72164121
50.66899015
50.76211685
50.58775536
50.69653836
55.79116154
50.71923000
50.75519446
50.88706931
50.71093064
50.85630164
50.66757890
50.71141326
50.62539349
50.62193251
50.66077200
50.69492526
50.66009415
50.70662741
50.61363408
50.70688454
50.67290074
51.92425810
50.64343813
50.72472703
50.64148223
50.67534338
50.63156210
50.79926215
50.66535972
50.73767251
50.67604779
50.80036010
50.75718462
50.68033544
50.74047128
50.69433779
50.62717562
50.64269408
50.68696018
50.75560123
50.75592951
50.73371426
50.73152874
50.83102897
55.74475921
50.81266110
50.80563049
50.84227046
50.86648921
50.85227590
50.82948010
50.83406187
50.78713079
50.86792918
50.80222118
50.89054167
50.73470387
50.89936418
50.90110700
50.79982659
50.79871233
50.83794449
50.77495187
50.96072297
50.80655121
50.94808772
50.68278451
50.89465236
52.03325190
50.82894231
51.61387090
50.76038141
50.70157349
50.71673585
50.65395572
72.78766823
50.64943641
50.65807710
50.67207536
50.80026087
50.59243421
50.69601792
55.67004605
50.76552385
50.71023490
50.70314367
50.63755844
50.76737764
50.59796803
50.62334585
50.66416118
50.75372279
50.60618490
50.66834564
50.71396146
50.82617562
50.74895767
50.64975826
50.55820369
50.70059485
50.73157813
50.70301162
50.61488010
50.87810123
50.75931341
50.72116454
50.69937208
50.82128221
50.60927608
50.68693310
50.66567344
50.72264638
50.71118436
50.76126041
50.73928426
50.82020382
50.71753772
50.70105338
50.74425731
50.83841033
50.62165305
50.75211597
55.71984692
50.80314049
50.58843226
50.71771769
50.67042290
50.74754664
50.63541800
50.72144513
50.58903736
50.73779995
50.67079590
50.68972136
50.65765154
50.77058718
50.73708356
50.66226003
50.63072400
50.74133503
50.63017992
50.69150700
50.70080797
50.85450433
50.61536454
50.67379841
50.61037179
50.70944731
50.73649608
50.72322113
50.65742805
50.65674087
50.61204836
