5.60980375
3.32437025
3.37402025
3.31954825
3.31126400
3.27602025
3.31137700
3.30605350
3.30131800
3.26977000
3.31954350
3.30042075
3.32241650
3.30302900
3.30997450
3.27361125
3.31276925
3.28188825
3.30729675
3.27839925
3.32150350
3.30179675
3.32188575
3.30520875
3.30312700
3.28257250
3.29981225
3.28749350
3.28413375
3.27435225
3.28732175
3.26060775
3.26252300
3.26759375
3.28917925
3.29886875
3.29805900
3.26864850
3.29497800
3.28019525
3.28978325
3.27136575
3.29863025
3.27459550
3.30325400
3.31836675
3.30935800
3.27950725
3.30575250
3.29922200
3.30730700
3.28301050
3.29940000
3.29232575
3.30264975
3.30657300
3.29270475
3.28739975
3.29972550
3.28313725
3.28114200
3.27698625
3.28275675
3.26817950
3.28663975
3.25963750
3.30078750
3.27700675
3.31121250
3.27084775
3.30078200
3.27931625
3.30878600
3.28850425
3.30788725
3.27300600
3.30519250
3.28195250
3.31321875
3.27832650
3.30082225
3.30059650
3.30039250
3.29181625
3.31596675
3.30108650
3.30271975
3.28869725
3.29735925
3.26999675
3.30052475
3.28373525
3.28519300
3.26021725
3.28426600
3.24847375
3.26710300
3.26579925
3.29300225
3.28858100
3.29600775
3.27413025
3.29240775
3.27880075
3.29787325
3.28371400
3.30091300
3.29960475
3.30506825
3.30503075
3.31443400
3.29667450
3.29486175
3.28944900
3.31618325
3.28413225
3.31819900
3.28676850
3.31776600
3.30029150
3.30825725
3.26977850
3.29061350
3.27122525
3.28287100
3.27188650
3.27250550
3.25002325
3.28373250
3.25978000
3.30649700
3.28491275
3.30627700
3.27364825
3.29332000
3.27363725
3.30436525
3.28317000
3.30036050
3.26533425
3.30346400
3.31229350
3.31788775
3.29656750
3.30538875
3.27075675
3.30552200
3.29308875
3.30886025
3.29201450
3.30544400
3.29509625
3.32879225
3.28731425
3.30596650
3.28592875
3.28389400
3.27391700
3.27304375
3.24918050
3.26680475
3.25998450
3.29000925
3.29068875
3.29021025
3.27383825
3.29894250
3.29999800
3.29948650
3.27869425
3.31107225
3.29188600
3.31382350
3.28879725
3.30222300
3.28977625
3.29859800
3.28440625
3.31844275
3.28749425
3.31400250
3.29434525
3.30283025
3.28860925
3.29694225
3.27627675
3.29874375
3.28171400
3.29195050
3.27148825
3.27925700
3.23743000
3.28538750
3.25254025
3.30627675
3.26560725
3.30520725
3.28514400
3.30142550
3.28736550
3.30938050
3.28524175
3.29757050
3.28675325
3.31249550
3.28472500
3.31026575
3.27621425
3.28957500
3.29848825
3.31152075
3.29686775
3.31309300
3.28789125
3.29836750
3.29334700
3.30306125
3.28637225
3.29376950
3.27941550
3.29592700
3.26959450
3.28283225
3.24113975
3.26873275
3.27567350
3.30251850
3.29099825
3.30558600
3.27614625
3.30451875
3.28101975
3.30334100
3.27815800
3.31347500
3.28824575
3.30715600
3.29053125
3.30170725
3.28060500
3.31501425
3.29095125
3.30372800
3.27464650
3.30570800
3.29264875
3.30144925
3.27648225
3.30119125
3.26859500
3.29094525
3.27825325
3.29323375
3.26888575
3.28353150
3.24282625
3.27297825
3.27200075
3.29685225
3.28975875
3.30527450
3.29107850
3.29924825
3.28271650
3.30696800
3.28570900
3.30804675
3.28907050
3.31748825
3.30075975
3.31391775
3.29596575
3.30127875
3.27797875
3.31491500
3.28951850
3.31433400
3.30635375
3.30061150
3.29190900
3.31428450
3.27931425
3.28175800
3.28027275
3.28251200
3.27488625
3.27667550
3.24374675
3.26920125
3.26106275
3.28361825
3.28105325
3.29594450
3.26876200
3.29956300
3.29039100
3.29090375
3.28021875
3.31628450
3.28462125
3.30654725
3.29646825
3.31891625
3.29772275
3.31074025
3.30122800
3.31014675
3.29504175
3.32121025
3.28287800
3.30279500
3.28798325
3.31118300
3.27714250
3.29328550
3.29501125
3.29343500
3.28079625
3.28994850
3.25833425
3.28994325
3.27738975
3.30625050
3.28415400
3.30454575
3.26512150
3.31021550
3.28685625
3.30579875
3.29463500
3.31868625
3.27641975
3.31810475
3.29476775
3.31088725
3.28039250
3.29946175
3.27834150
3.31142800
3.28468400
3.31718075
3.29976850
3.31123175
3.28930325
3.31195400
3.27285850
3.29749950
3.27378725
3.28670525
3.26307900
3.29446750
3.24126825
3.27655350
3.26499925
3.29877875
3.28746800
3.30625700
3.27680675
3.30362000
3.27100675
3.31404575
3.30170800
3.30663425
3.29271350
3.32025300
3.30343450
3.33051800
3.28718925
3.31192700
3.30499500
3.31607100
3.28783425
3.30603575
3.28835475
3.29949150
3.29607425
3.30516050
3.26903550
3.29611800
3.27386450
3.29790900
3.27491625
3.27757825
3.24602550
3.27692000
3.27475425
3.29512925
3.30977950
3.31393550
3.27244875
3.31977525
3.27644375
3.33051275
3.32001600
3.34339450
3.31845175
3.33601525
3.28884050
3.31330300
3.29145575
3.30733950
3.27551550
3.30407525
3.28274850
3.31070700
3.28504200
3.31257875
3.28550525
3.30522625
3.27678800
3.29539275
3.28689950
3.28813100
3.29315325
3.28246475
3.23918500
3.27050100
3.27536925
3.29243275
3.28569100
3.31925675
3.28983900
3.29402675
3.27567325
3.29585725
3.28589475
3.29638925
3.30007900
3.31905000
3.30234550
3.30252875
3.29913825
3.31019000
3.30214225
3.31973300
3.29177600
3.31595550
3.30704825
3.30651050
3.28846300
3.31554600
3.26915075
3.28403150
3.28910925
3.29835000
3.29161325
3.28145050
3.24023600
3.30140150
3.29635800
3.30316550
3.27993400
3.28944550
3.25381475
3.30259275
3.28106400
3.32116800
3.29135475
3.30559650
3.30394650
3.30857200
3.30145325
3.33092075
3.29477775
3.31004775
3.29187950
3.30050350
3.29734450
3.31399350
3.28671475
3.31214100
3.28699175
3.31481025
3.27695225
3.29955175
3.26966600
3.29196875
3.26664475
3.26715350
3.25552175
3.26685700
3.27615675
3.28639800
3.28809625
3.30381400
3.27754050
3.27748750
3.29074325
3.29701950
3.27648625
3.30284700
3.29638775
3.30107475
3.29735950
3.30347200
3.28526375
3.29658550
3.27948850
3.30989050
3.28733650
3.31612150
3.29007100
3.30487150
3.28868275
3.30283050
3.27915800
3.28438425
3.27854125
3.31016550
3.28645750
3.28824400
3.24870900
3.26825350
3.26438800
3.28813175
3.29030375
3.31746050
3.27285100
3.30517050
3.28310900
3.30793225
3.29359700
3.31502475
3.26817275
3.30919500
3.28902675
3.31036275
3.29341250
3.31022200
3.28828950
3.32245850
3.29638325
3.33155075
3.29674650
3.30271200
3.29105275
3.30621325
3.28680000
3.30093725
3.28045475
3.28199925
3.28083450
3.28076075
3.23393625
3.26096000
3.26206350
3.28988850
3.27446625
3.29479750
3.28068425
3.29276975
3.28367525
3.30239525
3.29638575
3.31488450
3.30399550
3.31548200
3.27601575
3.30839075
3.28964150
3.31966225
3.29237550
3.30951200
3.30880700
3.32159000
3.31647375
3.31417575
3.28448450
3.30550050
3.27816800
3.29738125
3.29263625
3.30031150
3.28530600
3.28306525
3.25429450
3.28267200
3.26414075
3.29704175
3.32052875
3.34178025
3.28905300
3.30986125
3.28633675
3.30671100
3.28313950
3.30964500
3.28330150
3.32503950
3.31397975
3.32931200
3.31110950
3.29942900
3.28696100
3.31227300
3.28207100
3.31746350
3.30070825
3.30655375
3.28700400
3.31238250
3.27636450
3.29644900
3.27893175
3.28276950
3.27839925
3.28576600
3.25022100
3.26820425
3.26562475
3.28125450
3.29788875
3.32191975
3.29195275
3.30407100
3.28749925
3.29752150
3.28534500
3.31290150
3.28385850
3.30693225
3.29538875
3.29040775
3.30385500
3.31568975
3.28593875
3.31330625
3.28314325
3.31525675
3.30561425
3.30595875
3.28242150
3.30038100
3.28422025
3.27651600
3.28198550
3.29446075
3.28856525
3.28935625
3.24688575
3.30145325
3.26916775
3.29248375
3.28381100
3.29508875
3.27243300
3.30933575
3.29933475
3.29610925
3.28430550
3.31167750
3.27932250
3.31882900
3.29921675
3.31840175
3.28135200
3.30739000
3.27713800
3.31123725
3.28129750
3.31108425
3.30861675
3.29203925
3.28325300
3.31503775
3.28540475
3.29406425
3.27594400
3.28263050
3.27927275
3.27984175
3.26282000
3.26573000
3.25727875
3.30011300
3.30314925
3.30808150
3.27857125
3.31373625
3.29094150
3.30204625
3.29151975
3.30685525
3.30775350
3.31615700
3.30761250
3.32231450
3.29969300
3.30956375
3.30043200
3.31041275
3.29535450
3.32416125
3.29995450
3.31665275
3.28703525
3.31295750
3.27532125
3.30177900
3.29107875
3.29998100
3.29700150
3.28468600
3.24263575
3.29671225
3.29333925
3.34154250
3.32269800
3.33615325
3.28307600
3.30570325
3.28900550
3.30346500
3.27576650
3.31625550
3.28655550
3.33072650
3.29164650
3.31556900
3.29775450
3.32838825
3.30598250
3.32757525
3.31540150
3.32329300
3.30425175
3.31315725
3.29442025
3.31753450
3.27464075
3.28994475
3.27231950
3.29802775
3.27282825
3.30063700
3.25307375
3.27504025
3.27575875
3.28913425
3.29156050
3.29740800
3.29779150
3.30563950
3.27767525
3.30291550
3.28667475
3.31149950
3.29946475
3.30813275
3.31998700
3.31528850
3.30750600
3.31612250
3.30370400
3.32116350
3.29940000
3.31647425
3.30626925
3.30537600
3.29039675
3.31198150
3.29392750
3.29861625
3.28667150
3.30078150
3.29138425
3.27742200
3.26430400
3.27036250
3.28053100
3.31505300
3.30390025
3.33420800
3.29324700
3.31959725
3.28908600
3.31522700
3.29946075
3.31940475
3.29102525
3.31865225
3.29254175
3.32043175
3.30083975
3.31158325
3.28639100
3.31181700
3.30775000
3.32157975
3.30102550
3.31450400
3.28890575
3.29414575
3.28897475
3.29503025
3.28530550
3.29282075
3.26967900
3.28173400
3.23608150
3.26804500
3.27153750
3.29489975
3.28712725
3.31875400
3.27826150
3.30246400
3.27911125
3.30241100
3.28561875
3.30492575
3.30284625
3.31878000
3.31468150
3.31694175
3.27577775
3.29882325
3.29108475
3.32351800
3.29882000
3.32463450
3.30320750
3.30161125
3.29086375
3.31006300
3.27167475
3.29598300
3.27757750
3.30077875
3.27686150
3.28959200
3.24309100
3.26996500
3.26278500
3.30679425
3.29362875
3.30713050
3.27602275
3.30377125
3.28949575
3.31008675
3.29276100
3.31864050
3.28472000
3.31904725
3.30072275
3.30226525
3.28519500
3.30491600
3.28571850
3.31351150
3.29838350
3.31903050
3.29450650
3.30591900
3.30156400
3.31004225
3.28054525
3.30022925
3.27955900
3.28379175
3.27027450
3.26831125
3.24178775
3.26295825
3.27189975
3.31274025
3.31919800
3.33847950
3.29650250
3.30716825
3.28555350
3.29446700
3.28527225
3.30721400
3.31954650
3.32075600
3.29606800
3.32278300
3.29461950
3.30432925
3.29418400
3.32617125
3.29741425
3.32283775
3.29789225
3.30630925
3.29095300
3.30218250
3.27968175
3.30062500
3.28485225
3.29344575
3.28087950
3.28747850
3.26557275
3.27697325
3.26812450
3.31290700
3.27993300
3.30905375
3.27284325
3.31130375
3.28145175
3.29817225
3.32959650
3.33633800
3.29012850
3.31996550
3.30400000
3.31511775
3.27302400
3.30290850
3.28506175
3.31583525
3.29790150
3.30062375
3.29073975
3.32389550
3.30741225
3.31229825
3.27580500
3.30258250
3.28736150
3.29364625
3.28128200
3.26919650
3.24987075
3.26622550
3.27345825
3.28901750
3.29138225
3.31299125
3.28701850
3.31093700
3.30425175
3.30297875
3.27956825
3.30680525
3.32886500
3.37828975
3.32240000
3.32236450
3.30280150
3.33086900
3.31379450
3.30893725
3.29631000
3.33036975
3.29404575
3.30732175
3.29532650
3.30439650
3.27215825
3.30118225
3.28697750
3.28506925
3.27859325
3.29655425
3.23808925
3.28369500
3.27183025
3.31139725
3.28450275
3.29871750
3.28007350
3.32232300
3.30786000
3.32298225
3.28694150
3.29748950
3.27377500
3.31420350
3.30266275
3.31350125
3.28740375
3.31071125
3.28789225
3.31590500
3.28836500
3.32489725
3.29509850
3.31160575
3.30095575
3.31439275
3.28071075
3.30477275
3.27881800
3.29796900
3.26990975
3.29303675
3.23780925
3.27081275
3.27185950
3.30080825
3.28982975
3.30163125
3.27690950
3.29365400
3.28508300
