56.66664447
75.02917583
54.13049872
54.03141660
53.94291712
91.49761085
52.39441780
52.51846792
52.38506507
52.65951170
52.37250827
52.46442325
52.47097502
52.50236780
52.42212233
52.52242162
52.33552542
52.44148385
52.33694613
52.33875078
52.28522260
52.39410055
52.23439865
52.45651015
59.19396567
52.39866063
52.46710407
52.48974598
52.51498745
52.38659872
52.43630980
52.55291172
52.31838645
52.77634372
52.40721222
52.38909765
52.45422370
52.53478618
52.37241542
52.35527403
52.34958195
52.39926765
66.52768190
63.82772465
59.92445592
67.27605172
55.35634947
66.33366428
77.32083697
56.08536527
57.39493845
57.86577207
59.34566825
57.21792973
57.84628918
56.23047380
57.34154935
59.26179507
55.43297585
65.13774445
56.03012530
58.20776700
56.23644625
57.85187362
57.28724003
58.39413520
57.57415488
58.50584972
56.32845310
69.28119078
67.99548500
81.98005260
63.83317358
55.98326965
56.96221930
56.24026988
57.16701447
62.81500477
56.43634533
57.66777180
58.43175010
58.28770457
56.67932603
57.87307455
57.61924825
56.83906665
56.03135430
57.65521020
68.47636297
65.69617555
58.92318843
56.57793267
57.47304777
83.85113478
63.87279630
52.58608878
52.57145965
52.56504652
52.45953915
52.46191458
52.37569623
52.49198660
52.42095350
52.67648052
52.39376035
52.48448178
52.39761770
52.42096012
52.37678015
52.36474820
52.35417462
52.44433562
52.35458000
52.35523570
52.35184843
52.59990663
52.45381892
52.44028230
52.49795185
52.34269388
52.47111785
52.54707270
52.52419995
52.72412132
52.43887020
52.49701230
52.54501937
52.57353140
52.55929753
52.53626362
58.64818148
52.51991407
52.49020345
52.56950165
52.57197017
52.55917523
52.41814047
52.48404172
52.34536580
52.31498623
52.37925328
52.51075987
52.43894960
52.43078548
52.30713363
52.38077845
52.49698128
53.41601005
52.29493967
52.41649350
52.43431512
52.52029097
52.45516108
52.46436600
52.39008205
52.40913957
52.41344883
52.43372975
52.34711822
52.50843265
52.46640010
52.42193790
52.42353623
52.50703478
52.35812140
52.38415975
52.38920345
52.48401357
57.78155890
52.43307137
52.37448660
52.61435295
52.47265775
52.33509092
52.38268533
52.36689957
52.38867935
52.38525770
52.38194385
52.43756583
52.49947867
52.53707928
71.78884020
52.74275530
52.79612498
52.59463018
52.38640513
52.32815025
52.24702988
52.41696958
52.57863375
52.52730943
52.46134010
52.46369090
52.31336595
52.46145385
52.39003860
52.49602083
52.47995157
52.49311480
52.37099902
52.49711452
52.42303455
52.44141838
52.40705815
52.50539982
57.71887033
52.39298645
52.30159898
52.50596898
52.44803667
52.48822388
52.42457987
52.33189382
52.25701050
52.41435870
52.36704140
52.39301850
52.34515660
52.33363675
52.42942378
52.35851653
52.39306372
52.43515902
53.80127968
52.42638630
52.31096325
52.35661785
52.45178410
52.51710938
52.40882845
52.39910693
52.31608732
52.47524958
52.37674313
52.37338780
52.38891065
52.44546018
52.39797895
52.32380425
52.24221592
52.41276440
52.27932805
52.36274115
57.55602517
52.51370565
52.51531345
52.67335895
52.49031525
52.53931852
52.44715573
52.34918477
52.34392000
52.47259180
52.38247467
52.43157670
52.41458282
52.38560073
52.31276297
52.49783053
52.45991905
52.57075290
52.38884515
52.41494997
52.40090345
52.60495258
52.40029218
52.52299660
52.42697842
52.43841330
52.42412702
52.43008865
52.35084202
52.45569038
52.35126500
52.41360938
52.28309157
73.30066540
53.06654073
52.81729205
52.54010290
52.56147072
57.68602880
52.67234723
52.45954205
52.71646647
52.46473692
52.62161128
52.31869973
52.41628410
52.40969600
52.45543093
52.32373917
52.42138393
52.45178207
52.51257740
52.36582113
52.47435690
52.35692487
52.40116987
52.35127287
52.40031563
52.32143390
52.39440512
52.37917493
52.45489632
52.30009478
52.46423482
52.39489923
52.41656563
52.39763880
52.46386303
52.52241758
52.52885947
52.45237825
52.42245145
52.47019953
52.55071175
52.32922578
52.50829108
57.59337250
52.44788690
52.38152815
52.64834387
52.43483000
52.49465743
52.34184605
52.57089935
52.45792278
52.36667500
52.31719447
52.54965080
52.40688123
52.44278595
52.26680645
52.34308928
52.30613895
52.45066208
52.40301065
52.47470712
52.33831962
52.45412385
52.45157865
52.37186635
52.43978245
52.40298650
52.45265703
52.40631145
52.28005840
52.42036465
52.38011162
52.47993840
52.44350325
52.47096015
52.40365145
52.52509065
52.33673732
52.55396025
57.54469635
52.56326007
52.46560618
52.60225332
52.37652132
52.42095390
52.45885825
52.36854763
52.37532318
52.35698235
52.32427588
52.36777953
52.43775468
71.52283815
52.78775717
52.61663760
52.52342307
52.40951868
52.40283803
52.51436057
52.41569070
52.42198400
52.42591603
52.48688440
52.40200790
52.39713477
52.52446195
52.46269913
52.40151000
52.52736327
52.38096017
52.57082650
52.58187027
52.53078965
52.40458102
52.47963363
52.38486957
52.48915315
57.60459527
52.55266847
52.38499892
52.59092223
52.39792235
52.41248670
52.48048490
52.39743332
52.37098995
52.36680158
52.27511477
52.38183197
52.44668235
52.54424255
52.46678850
52.47745937
52.37589417
53.79349722
52.40245107
52.41053780
52.28938237
52.45513760
52.45871195
52.43398797
52.45103737
52.51936128
52.37506530
52.43662803
52.31170790
52.49387865
52.45509288
52.48326253
52.32008780
52.47441228
52.36501710
52.31581778
52.31941057
52.32190057
57.54942627
52.44658395
52.42251845
52.47345220
52.39297998
52.48412047
52.42575592
52.42317008
52.44222838
52.47488848
52.38612015
52.51564215
52.46540640
52.52862815
52.56235885
52.52019773
52.51098808
52.49535707
52.42806885
52.55640282
52.63176250
52.55122372
52.46929898
52.43839582
52.26426015
52.33687458
52.38582460
52.37289065
52.40190500
52.40655905
52.35735990
52.45023885
71.19621582
53.17840678
54.37378353
53.65831420
52.31814707
52.47849433
57.67221878
52.50387000
52.50784015
52.45491410
52.43627795
52.52681645
52.44203858
52.55536633
52.37303867
52.42167325
52.26063147
52.43939568
52.42732568
52.39255920
52.38704165
52.55330940
52.44376667
52.50449025
52.38646530
52.39306790
52.36440848
52.48152095
52.39329458
52.45106865
52.39574638
52.43701790
52.34966913
52.45400060
52.34229542
52.34306362
52.37958090
52.36936405
52.46806370
52.45050832
52.45777632
52.51733233
52.36184437
52.45620180
57.58491285
52.55272198
52.52097178
52.48065810
52.47729427
52.50123675
52.45293422
52.51328667
52.59303940
52.46015953
52.51678630
52.54592077
52.34483750
52.47381112
52.41508280
52.50294275
52.43349265
52.48837990
52.48646927
52.43249983
52.37139133
52.56172050
52.32713155
52.36349350
52.29641515
52.53263262
52.49363975
52.43514892
52.41802357
52.53722285
52.44951332
52.48742380
52.40914448
52.59047783
52.53257655
52.57452383
52.40054775
52.51646250
57.54023893
52.50616745
52.45914245
52.46415188
52.38397170
52.42076720
52.27600795
52.32870200
52.37131953
52.41489093
52.35242788
52.44380603
52.38411395
71.95729093
52.43160005
52.68785017
52.43232907
52.45463513
52.33804802
52.48030607
52.40850268
52.57361747
52.44109175
52.40626692
52.33506825
52.38093030
52.33304810
52.38438085
52.46352640
52.52343620
52.45116962
52.53399858
52.33997887
52.44158285
52.37715160
52.50128060
52.31208427
52.52261925
57.53872437
52.57052348
52.56808990
52.43903940
52.28121948
52.49012705
52.43865758
52.45212025
52.43056088
52.49312928
52.42551990
52.38865675
52.32074395
52.37394400
52.42978590
52.47916953
52.36731348
53.55392980
52.29640092
52.42357035
52.32364025
52.58466175
52.37630172
52.42217438
52.26702272
52.40420530
52.37295865
52.34456985
52.31025680
52.42927155
52.44538623
52.47056183
52.29312985
52.33366672
52.33752608
52.37232828
52.34365500
52.41690717
57.40845283
52.46901672
52.39658582
52.34746080
52.28573370
52.42592092
52.41266535
52.43268178
52.42067945
52.51165165
52.44762565
52.36608015
52.44785580
52.52497963
52.39203977
52.50295893
52.47607025
52.48826072
52.43728803
52.58159845
52.57661635
52.53624248
52.41054532
52.52303550
52.31168267
52.40298443
52.34003123
52.44241053
52.39865698
52.40640788
52.40280075
64.44136480
59.97453373
54.02878745
52.53458675
52.50420770
52.33726970
52.37607547
57.59908715
52.50141407
52.43216182
52.35266623
52.32301995
52.39611375
52.28444555
52.41669013
52.35501182
52.35480805
52.33809590
52.48162960
52.34352788
52.47944542
52.36993815
52.37523695
52.35569640
52.36136868
52.28371360
52.42646922
52.27837520
52.51871163
52.35544130
52.39790247
52.27520197
52.37805413
52.35801012
52.49493438
52.41692330
52.42029785
52.45596640
52.39488255
52.34960982
52.47814083
52.39217860
52.47733907
52.33059113
52.44917360
57.44512875
52.44016370
52.42118857
52.38955125
52.56850557
52.54799058
52.38339403
52.55933240
52.35912925
52.51611265
52.47833885
52.51514600
52.45001185
52.55257618
53.08294265
52.50123740
52.33063357
52.48646477
52.32237665
52.41628900
52.45442940
52.60747850
52.33521407
52.45674837
52.37850165
52.30667130
52.24044445
52.45340433
52.42861533
52.37414030
52.41763640
52.41826593
52.34461825
52.34326502
52.34525445
52.46784852
52.42620233
52.34912438
57.46684882
52.50967162
52.55040393
52.37426425
52.37303740
52.97581165
52.45977835
52.49049583
52.38853223
52.28169575
52.28816190
52.37555040
75.85648557
52.75483813
53.18019403
52.42936208
52.39461963
52.47038702
52.42751363
52.48576798
52.54723140
52.35881920
52.40764872
52.53423055
52.47828040
52.34351995
52.27852472
52.45577777
52.29550165
52.50689653
52.36544822
52.52554365
52.45010235
52.52873940
52.37989273
52.42969612
52.31446267
52.51286532
57.51028025
52.56327302
52.41973933
52.48210405
52.32959243
52.44848772
52.36145055
52.46159742
52.38771263
52.39960105
52.43371685
52.35571378
52.28147825
52.34104865
52.39414923
52.38405005
53.57702087
52.50250738
52.43947277
52.41951710
52.39048315
52.39921935
52.34083748
52.44853917
52.34258790
52.43287153
52.36674618
52.34484990
52.47613537
52.51201640
52.40721467
52.44825885
52.49448447
52.37662648
52.34822380
52.32231482
52.38491570
52.39182637
57.43956255
52.48775565
52.30145433
52.35129857
52.36780690
52.37532597
52.38496315
52.39480775
52.41440517
52.51523240
52.50429768
52.56026320
52.43328140
52.39454190
52.51770958
52.35844880
52.29825150
52.51564892
52.49199540
52.61314298
52.40106058
52.59864425
52.46164480
52.57993415
52.39443827
52.36185590
52.51980432
52.55279020
52.45356548
52.54754315
52.45307655
73.33706985
52.57857130
52.55239205
52.34911388
52.41134610
52.50059560
52.40011763
57.45927558
52.51432490
52.24741042
52.42927500
52.35978857
52.44294115
52.36690920
52.29959407
52.28608617
52.41631895
52.40709588
52.40510982
52.41038533
52.42684212
52.37529227
52.31085350
52.39207970
52.49737478
52.49891260
52.52085772
52.51962773
52.42647125
52.37475130
52.52203740
52.35046825
52.41519385
52.32483305
52.31073218
52.29776358
52.37826138
52.26406142
52.37742132
52.38049303
52.41359050
52.44438797
52.43895153
52.31336378
52.48244865
57.52996712
52.52099620
52.41272355
52.33159818
52.32724492
52.43267427
52.40581105
52.47292433
52.35373888
52.56495760
52.33400057
52.50548035
52.34470832
52.51318880
52.55934492
52.40136460
52.40449473
52.42132072
52.35719472
52.39995000
52.44531012
52.42339350
52.36649337
52.32738810
52.26295425
52.43588393
52.23957200
52.33453070
52.29770852
52.40991178
52.38638905
52.45385380
52.38118987
52.42310390
52.35672455
52.40623850
52.42601723
52.46078705
57.43234152
52.45121260
52.44611348
52.41306655
52.27160483
52.44203985
52.39212377
52.39632322
52.35112103
52.34440945
52.30468625
63.24770545
61.49086088
52.82779630
52.47969685
52.36040868
52.28988348
52.38666302
52.35010092
52.50886630
52.45596490
52.33981125
52.46076372
52.50961952
52.46387255
52.43432332
52.45180015
52.46333800
52.26925553
52.33160450
52.28009063
52.43457360
52.39272045
52.46519500
52.40109323
52.48392127
52.39401967
52.60398297
57.58528677
52.50342013
52.28302975
52.44166065
52.33276003
52.32793907
52.28247912
52.45750238
52.27873892
52.41550215
52.33276805
52.44570898
52.39208288
52.33161335
52.12169095
53.39518755
52.06248115
57.22677477
52.10604355
52.22837395
52.29779003
52.17175447
52.09614090
52.09545932
52.08275770
52.18432567
52.00162642
52.26601838
52.35713008
52.50327913
52.42526065
52.43689080
52.34112208
52.41106410
