58.71694007
52.86877124
52.51941202
52.61430363
52.74169085
52.97916778
52.62881334
52.69584517
52.51311815
52.54209883
52.46239402
52.55997378
52.51463798
52.66195020
52.51572824
69.74155729
53.32076398
53.55850941
53.34768429
52.48723871
52.57024173
52.49566366
52.59243183
52.64923422
52.70868434
59.33164041
52.58967766
52.80884468
52.60970783
52.58724046
52.64663456
52.58530222
52.58686610
52.52701344
53.91775185
52.53825756
52.53308083
52.65108922
52.52697554
52.61532861
52.48451793
52.38872805
52.55374120
52.71938856
52.49238363
52.57754998
52.60153451
52.60053234
52.61424571
52.52458880
52.52284666
52.51237551
52.51554046
52.53408546
52.45191644
52.57154473
52.54681820
52.60682659
52.52807068
52.61241488
52.56528949
52.61915139
52.61324629
57.95684705
52.62761188
52.69312159
52.54761885
52.65605071
52.57757300
52.76214798
52.45921966
52.67529410
52.54268088
52.78102324
52.49098434
52.57049054
52.44611907
52.50591078
52.50077637
52.54426510
52.44839415
52.59761898
52.46506256
56.59246678
52.42037883
52.57374554
52.47757912
52.59206495
52.47751654
52.61601617
52.63865490
52.60375173
52.53047541
52.56409888
52.47709480
52.52920556
52.51551876
52.56140166
52.50421566
52.53477217
52.68423473
57.68133327
52.43715110
52.61728937
52.52248290
52.51463510
52.50064512
52.55815159
52.59805161
52.57664580
69.01997600
52.58665393
52.55680676
52.43548780
52.50849339
52.59163080
52.46813983
52.68348217
52.63254683
52.59216405
52.47539773
52.55767490
52.59322639
52.60770244
52.58734844
52.61050759
52.54738990
52.60883359
52.54612015
52.71957780
52.48501422
52.62858520
52.58295120
52.65291298
52.53600546
52.54444666
52.59233995
52.64824685
52.54622624
57.64008424
52.50488661
52.58393827
52.49001385
52.56655639
52.45702549
52.58238612
52.35260410
52.42758239
52.47959215
52.50182578
52.48003468
52.58131041
53.90803663
52.53101324
52.52559217
52.51497051
52.55109537
52.46918210
52.44931141
52.51500849
52.58900963
52.55089529
52.48394171
52.46276788
52.52594859
52.55717690
52.46367044
52.45595829
52.47657641
52.51488912
52.64052061
52.55752039
52.57097912
52.53519763
52.52899500
52.66565949
52.55046420
57.52097061
52.44962610
52.55342163
52.49399802
52.64711661
52.43378707
52.58721205
52.51415905
52.53360644
52.55645241
52.61186388
52.62860859
52.53232849
52.55953846
52.58542522
52.55806537
52.73851163
52.63209517
52.56434180
52.55306059
52.61629327
52.56003012
52.57849263
52.55904705
52.55045110
52.53965383
52.48069995
72.82485829
52.71832517
52.74358788
52.63095483
52.59570690
52.60962820
52.55586171
52.57151359
52.48356210
52.71577861
52.45880763
57.68275046
52.43539254
52.60197344
52.56385541
52.58629024
52.56512051
52.54054251
52.41161834
52.46618163
52.49017607
52.56517841
52.48961751
52.49657161
52.44632951
52.55446537
52.51209620
52.62767900
52.68811729
52.50966478
52.55592593
52.68433849
52.62403532
52.67669520
52.78523366
52.64853395
52.51468039
52.49877388
52.42680344
52.60336905
52.51141437
52.49881629
52.31373915
52.46434885
52.43623788
52.51316146
52.55405856
52.71208995
52.58263251
57.57856963
52.57763234
52.62263512
52.45949949
52.61639456
52.52712324
52.59990361
52.65529290
52.66975441
52.60879149
52.58560768
52.58725429
52.62186563
52.57024568
52.61405207
52.53216751
52.60307266
52.72980156
52.62522490
52.57736680
52.58747463
52.53253722
52.59854815
52.65587673
52.72643300
52.51092400
52.71862671
52.55445790
52.58736363
52.64780266
52.65853183
52.73775161
52.58995693
52.58828861
52.65197471
54.61873073
52.67637700
52.42834754
57.42510778
52.53969368
52.59216339
52.61718676
52.54482949
52.64401156
52.48636012
52.52503005
74.08815371
54.60990959
52.56049149
52.45813741
52.60654680
52.49442951
52.48321144
52.42761280
52.70261024
52.54570080
52.56529773
52.45055512
52.58513322
52.43118400
52.56069293
52.56565837
52.63030627
52.57443363
52.53817261
52.63736995
52.60145702
52.55147117
52.65354929
52.63041671
52.72534695
52.55401534
52.54100032
52.51569373
52.54042693
57.63443520
52.62047749
52.49261722
52.50819244
52.56796822
52.62309812
52.59174334
52.65201446
52.51232485
52.57577237
52.54466166
52.62727839
53.80854683
52.69896963
52.58264488
52.68969346
52.57797746
52.80122407
52.59129761
52.48736922
52.44489512
52.51514788
52.37095980
52.49923912
52.36339005
52.50923376
52.49335734
52.54914820
52.43047066
52.57481956
52.52236278
52.58268539
52.43349993
52.48572732
52.46519002
52.53554341
52.73206410
52.64023422
57.58615346
52.56867183
52.52917534
52.51462205
52.37302061
52.44688971
52.40965244
52.44819932
52.46523244
52.51866785
52.46753895
52.63281307
52.55741456
52.61285310
52.59021105
52.56237478
52.62864090
52.58084678
52.56896429
52.50115466
52.49936812
52.58218878
52.57360432
52.61293063
52.49362263
52.56061027
52.49498627
73.13300507
53.61705751
53.38877871
52.50511505
52.51770478
52.52099749
52.51603610
52.53377344
52.49977288
52.71105585
52.52488171
57.43384868
52.54023305
52.50620934
52.49212015
52.43664102
52.62332656
52.55027593
52.48798385
52.44351041
52.53254063
52.42579083
52.52839310
52.51540485
52.53237834
52.55088885
52.45935876
52.50765490
52.72404251
52.47035637
52.48973720
52.49328385
52.46888834
52.49612046
52.52071249
52.58712112
52.56604012
52.43426659
52.57512434
52.53100327
52.49551949
52.48832873
52.56666490
52.54260137
52.47648398
52.45292632
52.53955427
52.59718244
52.51848188
57.50218654
52.63320278
52.52504959
52.52803483
52.42984388
52.57050456
52.51427315
52.60390637
52.52251688
52.56707966
52.58009166
52.56996034
52.46413246
52.53115149
52.53238559
52.54234629
52.46821993
52.58289166
52.53757717
52.54179520
52.55441217
52.43689549
52.53268734
52.53887271
52.47585107
52.42608402
52.52983534
52.57766927
52.45235476
52.59188646
52.44476820
52.55699393
52.65670339
52.54609441
52.59115610
52.57465402
52.69584929
52.61106832
57.52685651
52.60297907
52.65128193
52.65155771
52.60288946
52.59624193
52.58568188
52.59142463
71.03146510
53.82372944
52.80283532
52.70129927
52.53006146
52.52191915
52.56615798
52.67706656
52.68249090
52.43895315
52.47478522
52.50192122
52.45114266
52.56526198
52.48108322
52.55971176
52.53180973
52.52751105
52.60589327
52.60014190
52.55714827
52.55265471
52.54293522
52.47146915
52.53929122
52.48479705
52.55191346
52.65652766
52.55737827
52.56706978
57.55474302
52.61605398
52.54337254
52.54445310
52.56378715
52.64861949
52.52396351
52.65193793
52.58668690
52.62814541
52.53056490
53.90168132
52.57143341
52.58014007
52.59258829
52.52604639
52.74971973
52.61519356
52.57419885
52.58253622
52.57414729
52.59932739
52.46501327
52.50387929
52.53493849
52.55114688
52.57036605
52.55242320
52.55853693
52.57864676
52.53017024
52.55353339
52.62984668
52.62572488
52.60515954
52.61776502
52.48168356
52.56961766
57.48744941
52.69918059
52.57320641
52.57060485
52.50923268
52.57790115
52.47544749
52.44812446
52.47215678
52.52704844
52.49527098
52.50946088
52.50028280
52.51631612
52.59233549
52.74536922
52.74069339
52.59264729
52.49524459
52.52344810
52.47895895
52.54282985
52.51302141
52.51392076
52.59277134
52.64265493
71.11051224
54.42650598
53.41660715
52.54971815
52.42951749
52.53889837
52.44739485
52.61560200
52.50728583
52.68944737
52.48569373
52.48009383
57.51519573
52.44249702
52.39499922
52.45147905
52.42117515
52.51254746
52.47501046
52.55273778
52.60114168
52.59072298
52.51699468
52.56328539
52.43692907
52.50305732
52.45698915
52.57189210
52.67076076
52.41209022
52.45817444
52.67489373
52.42071144
52.51727346
52.46593702
52.50091976
52.51200307
52.51172824
52.55672639
52.60079639
52.46759439
52.56142566
52.56497693
52.47763302
52.47158883
52.49971517
52.53334920
52.62952439
52.48057278
52.49612283
57.46932839
52.52425080
52.61780988
52.50543724
52.59299263
52.47867444
52.52840885
52.50836666
52.53494820
52.61432493
52.52159134
52.61624783
52.62642598
52.61810422
52.44769417
52.52556956
52.65660907
52.53340622
52.52516541
52.43322078
52.48537917
52.49540207
52.54183898
52.53361512
52.49308176
52.47778544
52.50696229
52.46612944
52.59701361
52.56666405
52.43600102
52.56675990
52.38359098
52.58310320
52.66459083
52.57003178
52.42905222
52.47334622
57.40663883
52.51795746
52.38963266
52.45644829
52.52442495
52.48710978
52.54011866
76.26528590
53.35146312
52.99990741
52.49253802
52.45921105
52.49725815
52.65678644
52.62169071
52.66104841
52.51168012
52.55592741
52.47683424
52.57541829
52.55667671
52.55868551
52.52356093
52.52235961
52.52086820
52.58047715
52.50277863
52.51552622
52.56245376
52.64403785
52.68587259
52.47990341
52.48601893
52.47685402
52.58153412
52.46619432
52.44357871
52.63369390
57.63214756
52.61502739
52.63348032
52.64248480
52.67190159
52.61759400
52.58791800
52.61747129
52.56615376
52.63166059
53.81241368
52.59107080
52.49256315
52.58199537
52.53384571
52.73529854
52.43379149
52.46924227
52.42936159
52.46392020
52.52146741
52.56899588
52.55015076
52.66461685
52.46962871
52.54127498
52.45262824
52.59798724
52.49448054
52.46010785
52.38898198
52.56438034
52.43210163
52.54651093
52.60793061
52.51021412
52.52813285
52.46939920
57.55665954
52.56010327
52.56960666
52.56774271
52.52825302
52.60602344
52.53143059
52.62501461
52.57305056
52.73324305
52.63496066
52.67078922
52.58479668
52.63617383
52.75860276
52.76907795
52.64908049
52.75803761
52.61059771
52.60298512
52.59434924
52.70591207
52.55974732
52.60032307
52.55248463
68.82461020
53.09402756
53.15842978
52.51661471
52.61596485
52.58563715
52.49842349
52.59153607
53.13381232
52.62735388
52.54486612
52.48319141
57.52182344
52.50103898
52.44783893
52.51547780
52.45296285
52.44794034
52.49408600
52.46676356
52.48790807
52.35644483
52.40638393
52.48361885
52.47668393
52.51160005
52.45016654
52.46898971
52.65000895
52.42343232
52.49886673
52.62115244
52.52237310
52.51554151
52.60192290
52.59042771
52.57136349
52.47483141
52.55847083
52.53828561
52.56704688
52.50874124
52.62956856
52.47769646
52.54315868
52.48579507
52.52987098
52.55198924
52.54833024
52.41845159
57.44796871
52.49839300
52.52357585
52.49881217
52.57768771
52.58334078
52.57979383
52.53775273
52.58205837
52.45350763
52.59635263
52.49241349
52.59815161
52.51055483
52.62416922
52.63048424
52.70138900
52.46680044
52.46919732
52.60490727
52.60520929
52.54370495
52.62529880
52.56383956
52.63933056
52.53864451
52.64232641
52.48082507
52.58435261
52.53618661
52.65763515
52.55864517
52.61582437
52.52356580
52.69134646
52.62605071
52.65502346
52.74700656
57.62883556
52.61708502
52.57906710
52.56508217
52.59901110
52.58089705
52.67750524
73.91501454
52.65539561
52.57166200
52.58438124
52.24649051
52.52561063
52.58786317
52.49571778
52.68808776
52.57788588
52.52790498
52.51752671
52.52464246
52.55099580
52.46603827
52.50606541
52.47389802
52.55778500
52.49833744
52.54831161
52.42217827
52.49094502
52.51123183
52.56903478
52.52706841
52.63686510
52.56031341
52.70514954
52.52206224
52.50856022
52.64548432
62.65762483
52.64930176
52.65931146
52.58104729
52.60379549
52.62601180
52.65244498
52.60196029
52.59465068
52.57328073
53.92759220
52.53947517
52.60173044
52.57301390
52.65722137
52.63586346
52.52305898
52.54263312
52.46573839
52.54023073
52.56325088
52.47444737
52.57903837
52.54959256
52.56991015
52.58574083
52.56947878
52.46122427
52.52665910
52.49076171
52.51811107
52.55024456
52.56171229
52.48736246
52.61941490
52.43652868
52.63922310
52.48925724
57.53887046
52.50588793
52.56040310
52.52187715
52.54362668
52.56280617
52.49342532
52.50834212
52.63796498
52.53824556
52.56548783
52.45784156
52.58880600
52.44516410
52.63573800
52.59018205
52.49906388
52.46939493
52.55744537
52.63854749
52.64972441
52.55653585
52.58776146
52.58511490
52.47888800
74.31697941
53.59278302
53.74804810
52.75291924
52.66467156
52.69088288
52.57065280
52.74597327
52.70655480
52.76030083
52.51955463
52.60163034
52.46225688
57.64939276
52.58946095
52.58943951
52.51953995
52.55226451
52.54251051
52.57439085
52.51746990
52.53712622
52.43927659
52.62197229
52.55320954
52.66965822
52.70049839
52.79296049
52.61871434
52.61069932
52.59420985
52.69132907
52.61859273
52.65758932
52.60225466
52.59227532
52.50271456
52.70242212
52.67111537
52.58849963
