78.54756260
54.75006195
54.48841179
54.47516607
54.49634960
54.42058921
54.77487286
54.78325164
54.35219576
54.35977955
54.39506900
54.42645874
54.42698360
54.42450693
54.33288114
54.49768686
54.30635750
54.34760560
54.34413964
54.48701621
54.39284962
54.45818498
54.63347095
54.43005045
61.07892576
54.72122567
54.45556043
54.45726398
54.34944988
54.45994667
54.40045810
54.60031802
54.49617669
54.58994221
54.38059910
76.46558507
55.20262519
54.41383176
54.29422564
54.29726638
54.35648395
54.35346100
54.57991650
54.46086019
54.27025607
54.33427102
54.31184283
54.40481014
54.29360319
54.57297424
54.46470976
54.33616298
54.26714179
54.42597436
54.27611048
54.20689902
54.28594212
54.68714855
54.60949136
54.72558457
54.41952707
60.07426705
54.32714612
54.48381852
54.55667383
54.57112917
54.50524924
54.57996212
54.43780733
54.36710560
54.32648488
54.37011433
54.36668307
54.36585205
54.29653510
55.98559924
54.35686183
58.62599769
54.42151633
54.47592976
54.66178219
54.68126669
54.37117440
54.40607060
54.47824879
54.36954590
54.31524436
54.62877088
54.32240612
54.34954724
54.30643198
54.41122836
54.33822629
54.37111919
54.49865400
54.44769060
54.34974821
59.57460517
54.52519719
54.39810043
54.26065660
54.33516029
54.45770279
54.54302836
54.32930860
54.30451602
54.37544767
54.43907517
54.51999405
54.49583455
54.51013917
54.42112445
54.31785667
54.36596890
54.45706138
54.88670060
54.61107695
54.45095010
54.41147610
54.47908317
54.39097417
54.43551460
54.43291162
54.49808969
54.32506686
54.37492764
74.60154638
55.39121962
54.30544588
54.45888940
54.51095507
54.42969012
54.44553400
54.68723524
59.78836800
54.27481683
54.31602412
54.50104610
54.42743576
54.37651845
54.31649031
54.35739326
54.35627886
54.37802576
54.46806983
54.67109386
54.64286219
54.56331060
54.47500110
54.39517552
54.30117052
54.33528976
54.44425326
54.44087074
54.37274955
54.64441629
54.50019136
54.48619195
54.39943940
54.48237929
54.43290048
54.44647629
54.34610283
54.42599895
54.41143229
54.42681424
54.53719255
55.69833471
54.34652174
54.34176731
59.32016598
54.43005288
54.37606693
54.35127586
54.29370012
54.34555762
54.29583905
54.39636105
54.62934779
54.39011026
54.40459148
54.44890279
54.40704329
54.54916455
54.40026962
54.46004179
54.44792907
54.51365193
54.44446317
54.55014462
54.41951595
54.45806088
54.37447112
54.60110736
54.31440807
54.34115757
54.40552057
54.37958840
54.46186562
54.36297086
54.37941843
54.43421179
54.33402633
54.38238871
54.29403598
54.35369457
54.35368502
59.46400457
54.48924026
54.62445167
54.36940733
54.42132000
54.36112390
54.40821298
54.37004345
54.37242064
54.30063407
77.98723333
55.59257505
54.59115248
54.44468431
54.66886514
54.50338200
54.48111436
54.47070602
54.58092983
54.32259914
54.30047410
54.39154531
54.31908148
54.26403248
54.50039464
54.30573655
54.29034169
54.42427529
54.28478767
54.32157726
54.36451338
54.36078212
54.42181505
54.52549150
54.35740736
54.49866893
59.48207471
54.50483579
54.49233957
54.47524490
54.51150326
54.44179526
54.52694545
54.30342821
54.56093443
54.33936602
54.36070140
54.26752352
54.37169757
54.36480274
55.72284793
54.37799588
54.39378500
54.42642824
54.39464355
54.35360669
54.35843831
54.32740938
54.25969229
54.31289129
54.34050210
54.28720986
54.34198533
54.28189921
54.40455481
54.34218033
54.40777955
54.58741879
54.42494167
54.34558307
54.33186143
54.33428681
54.41127862
59.31215317
54.44440155
54.41850986
54.47175319
54.33304252
54.44813960
54.37962321
54.40781698
54.31009231
54.35765131
54.33701183
54.34630760
54.51855200
54.31803057
54.24628152
54.26685000
54.28096007
54.32216488
54.40390593
54.38271360
54.26138729
54.31644107
54.35619483
54.31010750
54.18680245
54.27655593
54.27832245
54.50233012
76.82720700
55.36257971
54.41317969
54.35916210
54.27873131
54.35373881
54.27377283
54.68070024
54.56020114
59.70327586
54.35768562
54.43424914
54.29935979
54.31087221
54.27703298
54.39648514
54.37477733
54.48836636
54.31257562
54.33647162
54.31069760
54.46045381
54.48215112
54.49146526
54.47080093
54.27394888
54.36620957
54.44732007
54.32961433
54.50758931
54.52669260
54.52812167
54.37166471
54.29237002
54.45370574
54.37081607
54.27502407
54.46835569
54.49224745
54.38729826
54.33952645
54.40360248
54.32506676
54.40651871
54.37465088
59.51259883
54.35537414
54.30313052
54.27017207
54.47903574
54.25410971
54.29912074
54.33007952
54.32649402
54.44412448
54.36426631
54.24663783
54.43205300
54.35218879
54.36104467
54.29210767
54.32727662
54.39391814
54.37131079
54.35603660
54.31932679
54.35523107
54.36705588
54.30903388
54.35050131
54.30519867
54.30696369
54.34032169
54.39356179
54.38429493
54.56170250
54.45376633
54.37009676
54.37397279
54.42122914
54.28162438
54.43759379
59.37127640
54.32971057
54.50681379
54.32193707
54.29850043
54.42209793
54.28983362
54.40034395
54.31092945
67.10878955
61.95286143
54.51107645
54.48240343
54.50868902
54.38187726
54.32502545
54.46419138
54.50517767
54.55294369
54.53731262
54.24916633
54.75729986
55.65884171
54.32023740
54.31035667
54.37263881
54.27715148
54.36994540
54.28806505
54.38655760
54.30386714
54.30472076
54.26148195
54.31206645
54.33789100
54.34895536
54.38042652
59.29579274
54.31352686
54.40951302
54.26752124
54.48375060
54.32500626
54.32552748
54.28190614
54.37873383
54.30988293
54.39292650
54.34351731
54.56209055
55.67651379
54.44151231
54.36655198
54.42830131
54.57947800
54.31662226
54.27887612
54.37637200
54.24980907
54.27339938
54.30507200
54.55735521
54.34668638
54.49232448
54.32828474
54.40568162
54.39286655
54.50995588
54.54650438
54.29384326
54.41682902
54.46206998
54.47469405
59.35357200
54.27756169
54.47493171
54.39083767
54.65923036
54.47071621
54.67053588
54.46740807
54.43471326
54.27063424
54.31620498
54.20676545
54.39975788
54.22980126
54.28327460
54.43029605
54.27888231
54.43064864
54.38871419
54.41033381
54.33382224
54.26400171
54.42140462
54.23605990
54.28255286
54.27499579
54.58338498
54.50394129
76.02561198
55.67444393
55.69997357
54.62180081
54.54907867
54.44451924
54.58466829
54.48743219
54.62424731
59.41874664
54.52113560
54.42582052
54.51542398
54.49292921
54.57425374
54.37461902
54.42824667
54.32685548
54.31042905
54.18820452
54.36562226
54.22811733
54.39629269
54.21358276
54.42753576
54.48582338
54.54176057
54.47712283
54.47188236
54.47865367
54.47157910
54.43835388
54.53318293
54.29487586
54.32697198
54.32016836
54.43634655
54.52247374
54.54073348
54.36507705
54.58079893
54.45928838
54.36689131
54.35736993
54.35358086
59.21746436
54.54014919
54.49644548
54.56736795
54.37644095
54.60165664
54.42968621
54.35483119
54.33618593
54.37640798
54.31366598
54.30124210
54.38414519
54.38098060
54.38318002
54.40302905
54.40878081
54.42244800
54.50027031
54.41084074
54.36190698
54.37248612
54.41781417
54.46508429
54.36663881
54.42450867
54.28387633
54.40858848
54.37829631
54.41136036
54.34887052
54.32203621
54.33825933
54.59798040
54.26538302
54.47765274
54.51150748
59.42400876
54.52186314
54.27448248
54.29838402
54.36107819
54.45259686
54.46409888
54.54842969
54.50645050
73.95334205
55.37313236
54.44877931
54.41766683
54.38778843
54.31017188
54.39140579
54.38633588
54.50342717
54.53196229
54.42663674
54.35177012
54.31896838
54.55171912
54.33162155
54.51363636
54.30839974
54.32280274
54.44197445
54.50883888
54.46596640
54.73874160
54.50474145
54.68310890
54.60412800
54.70018095
54.34142252
54.50777486
59.32657336
54.43383095
54.29238557
54.29478488
54.42282479
54.35056240
54.27159993
54.36806993
54.35825898
54.33071226
54.25965450
54.34994764
55.58921783
54.51616040
54.29144771
54.32109329
54.34371824
54.44347779
54.32511557
54.41823576
54.37184181
54.48760610
54.48879317
54.48715236
54.36931114
54.41249655
54.39654929
54.37734617
54.28686750
54.39298233
54.28136681
54.39711595
54.34273021
54.56520252
54.45303974
54.65586460
59.51316786
54.43994724
54.29273524
54.34786552
54.33298850
54.38869412
54.40196400
54.29506890
54.34930740
54.30587912
54.49465412
54.49349738
54.32652479
54.55851629
54.46422369
54.40479531
54.38612195
54.44619860
54.29965093
54.40714805
54.46222652
54.37806024
54.34789564
54.39844629
54.33303457
54.38658267
54.32344712
74.06407840
54.90525619
54.95569207
54.90199619
54.38709933
54.38171207
54.44426831
54.51864943
54.37420964
54.37623288
59.54715512
54.49022802
54.45242174
54.41933205
54.48467431
54.38932376
54.38695867
54.42868840
54.38759636
54.29751771
54.36319979
54.41062007
54.43123071
54.33701052
54.45173476
54.40512488
54.57252910
54.64507674
54.55885038
54.58959026
54.76553290
54.59756395
54.51053198
54.47725838
54.42856950
54.51559676
54.41064405
54.30547967
54.25678864
54.45363076
54.36889333
54.31498874
54.26970481
54.43755974
54.56585071
54.40674229
54.36137669
59.33038976
54.36911002
54.29671745
54.47446357
54.47804379
54.43621493
54.27590195
54.28338029
54.39524136
54.39844169
54.38672055
54.54321907
54.46890143
54.40597329
54.30623107
54.40186607
54.28787300
54.56729214
54.57674669
54.48087271
54.48175626
54.51387500
54.40937319
54.60903638
54.64605798
54.59328257
54.42701993
54.46411888
54.54482369
54.36642657
54.27865157
54.51525276
54.44956038
54.24326236
54.27738807
54.37637107
59.38740417
54.45190855
54.31448131
54.54602695
54.32186202
54.41431221
54.30997310
54.35827376
63.84069381
64.66149321
55.02216064
54.69683583
54.65434919
54.43242779
54.29595219
54.47046788
54.33750121
54.44357100
54.30731310
54.34746726
54.36566450
54.38204162
54.33911776
54.43889229
54.24816855
54.37111862
54.33934224
54.36043679
54.28215571
54.38254943
54.48273090
54.40595329
54.31228069
54.28367119
54.31792667
54.41335755
54.26445710
59.42253112
54.39028350
54.35894033
54.32210533
54.53041079
54.34570288
54.29872438
54.33772567
54.39281969
54.31667988
54.32024962
54.28811731
55.69455167
54.43948390
54.39926155
54.38012505
54.49804362
54.58608155
54.45272340
54.49026540
54.39542381
54.33862995
54.47998707
54.42333626
54.47825462
54.48414910
54.37650643
54.36875148
54.52349990
54.47247076
54.43399464
54.33764731
54.36224398
54.56205129
54.70086488
54.52461581
59.41652338
54.50649793
54.52616364
54.29171274
54.40650840
54.49430850
54.51817474
54.41170519
54.28895202
54.31923436
54.44981269
54.41990405
54.33202750
54.34397764
54.38704855
54.27374862
54.50772814
54.30295964
54.35802067
54.35392110
54.39247869
54.46619640
54.54280031
54.24403917
54.56730583
54.25586143
54.35581974
73.06295683
55.68603557
55.84890983
55.22769367
54.40840724
54.34074433
54.67951605
54.60257567
54.55503448
54.42812505
59.46525350
54.43150333
54.33459224
54.39132862
54.35883069
54.29210538
54.24875214
54.38618617
54.39423893
54.28203850
54.24621438
54.26361324
54.59620736
54.40283498
54.33823498
54.38835167
54.50501607
54.47689936
54.42953214
54.50914233
54.42443388
54.61395190
54.55787443
54.61832826
55.38158719
54.68044560
54.59295462
54.61879274
54.35622938
54.42772174
54.38856271
54.37839138
54.34622776
54.44481160
54.44692588
54.39337210
54.34515233
59.37036271
54.36577921
54.50598017
54.41351024
54.44922162
54.52059869
54.47398888
54.47821067
54.49839640
54.48972169
54.39207864
54.43866407
54.35301738
54.48905664
54.50910362
54.52618990
54.57925457
54.46464864
54.40593900
54.29307938
54.45089595
54.33999400
54.40987450
54.36327057
54.41357679
54.35307293
54.31789302
54.44235910
54.39423993
54.29945164
54.35344338
54.35765850
54.42719640
54.40799510
54.44957945
54.48403662
59.47291562
54.67700010
54.43898443
54.61306395
54.68099160
54.64533005
54.61334176
54.61488112
77.25231231
56.01998957
55.87307657
54.70697414
54.37493207
54.38072181
54.48168036
54.44668995
54.98403905
54.50936636
54.50213688
54.43799957
54.38055452
54.29466550
54.33789507
54.39837110
54.46280702
54.32003357
54.36025855
54.31830605
54.32232800
54.30255398
54.37260936
54.35460207
54.33172381
54.38071707
54.40694193
54.44069110
54.38196674
59.66026483
54.66129257
54.66626862
54.55936286
54.56094379
54.47193302
54.43399781
54.54123352
54.42608519
54.45107224
54.37535886
55.66067171
54.42254610
54.45240814
54.39394662
54.41439040
54.43377312
54.41211793
54.32837550
54.33848619
54.53087157
54.32803245
54.28249279
54.55000474
