60.44159060
56.05340658
55.73714509
56.00592958
55.75883105
55.82860012
55.79832119
55.82321909
55.69175540
56.19503270
55.76408874
55.79941493
55.73394974
55.89327956
55.85541491
55.96295507
55.83010965
55.73346247
55.71064798
75.91155565
57.14395963
55.87465630
55.90300779
62.76546884
55.74532009
55.91229737
55.79530830
56.03181423
55.79654063
56.01043030
55.81363830
55.89817851
55.72781428
55.98250072
55.79740491
55.84009140
55.74717830
55.76681598
55.71060370
55.80484977
55.76902298
55.86357677
55.76611842
55.85028163
55.74705519
55.99057700
55.77091012
55.91429537
55.68849733
55.67470912
55.82869123
55.69920407
55.70074972
55.79844242
55.72297721
55.83150693
55.82780516
55.88684091
55.74088819
61.33301977
55.72342309
55.88990958
55.77559540
56.15658998
55.73773377
55.79126521
55.83796647
55.86750870
55.73922902
55.81838835
55.79271174
55.72951747
55.78980123
55.92186721
55.72468867
59.82958167
55.72396465
55.81264658
55.73764584
55.86546414
55.84768281
55.80609921
55.76606781
55.76397863
55.71873651
55.80849814
55.69921951
55.80846612
55.79547149
55.85212728
55.79597086
55.84261393
55.72551507
55.89099219
55.80454537
60.89667133
55.65954530
55.84167149
55.83192840
55.81841656
55.69561156
55.77066516
55.73305444
55.76778930
55.73069005
55.80788191
55.75320321
55.88656140
72.97883393
55.95377600
55.78424153
55.72551828
55.58643302
55.67281153
55.63515937
55.67642398
55.76033823
55.76013937
55.66819886
55.78807940
55.77813500
55.96981719
55.91912326
55.98600767
55.95384316
56.05209309
55.93463370
56.03699084
55.94684919
56.03907128
61.02832444
56.08354744
55.91639274
55.89317660
55.73682072
55.75351337
55.74659991
55.82935172
55.75750240
55.83669456
55.71453777
55.78566809
55.73026023
55.82741505
55.67436474
55.78790195
55.65878374
57.13890921
55.73852400
55.76950767
55.70265640
55.80540798
55.83296695
55.87502123
55.69833251
55.81338095
55.72355207
55.82927202
55.73067351
55.86809021
55.71078293
55.77707672
55.80397760
56.01328051
55.88048277
56.00960067
61.13061956
55.95075047
55.81721928
55.93792914
55.79480233
55.88411579
55.75759714
55.82684977
55.70231972
55.77878658
55.59500065
55.69149437
55.57118658
55.67526181
55.65871309
55.80871479
55.64863491
55.75680414
55.64943793
55.81383147
55.60980579
55.89855428
55.56978030
55.69286321
55.75788200
55.84198456
55.74147337
55.79721572
55.69872144
55.86141535
55.72323207
76.50318277
55.70015621
55.75487495
55.68946084
55.80138212
60.78789263
55.91587188
55.72776979
55.94461198
55.69442388
55.78743986
55.64998053
55.75327258
55.62824512
55.73512833
55.69078812
55.79154228
55.69171651
55.81195365
55.72662063
55.85060772
55.76620598
55.79505626
55.73424140
55.82763430
55.75377002
55.94592014
55.71840330
55.86061107
55.70987016
55.82614591
55.74137614
55.79002702
55.89224523
55.99721409
55.95868656
56.11547137
56.01897549
55.98765809
55.98432277
56.15014816
60.91421995
56.13043626
55.85215251
55.94469860
55.83669619
56.00404214
55.78143558
55.85616702
55.79286044
55.88752740
55.87559647
55.87933000
55.71560879
55.83454860
55.68481233
55.84609202
55.70873135
55.82648928
55.70912705
55.82866972
55.80953588
57.12243728
56.07589472
55.80287374
55.73355214
55.71395228
55.75294767
55.82156716
55.74232577
55.82899691
55.74319779
55.86566565
55.69192705
55.78486565
55.74346974
60.77828098
55.71049686
55.76989884
55.79598179
55.81078609
55.75007951
55.81607749
55.76468977
55.75966837
55.73997986
55.78755888
55.69900872
55.87608944
75.55705442
57.08398463
56.29192763
56.02688472
55.66673574
55.81857679
55.76739060
55.76636486
55.79698486
55.79714160
55.74709263
55.83231102
55.75689437
55.88660014
55.80606221
55.89669681
55.80906223
55.86916267
55.66880944
55.75127849
55.63592579
55.78127274
55.73693381
60.96043377
55.76925142
55.90312272
55.85084263
55.80357381
55.76624970
55.82621302
55.71142509
55.78736130
55.69434612
55.85066247
55.75139179
55.82329063
55.73150228
55.88116388
55.69464998
57.03979507
55.59338677
55.68630781
55.68252923
55.86755242
55.81016179
55.81231688
55.69386351
55.83269260
55.72301107
55.75748733
55.68104019
55.82846565
55.61701598
55.70894621
55.74436328
55.79613937
55.71463395
55.84400598
55.82115051
60.85426279
55.78262616
55.90411481
55.76630563
55.81384688
55.77061628
55.85869307
55.72577121
55.73775598
55.61453067
55.67579172
55.57921051
55.71631214
55.65237765
55.74872160
55.65957037
55.77395591
55.70304007
55.75471100
55.62963377
55.88890947
55.66256200
55.74145919
55.68306621
55.74116160
55.66560807
55.77177733
55.70351009
55.79443884
55.72320337
77.72226667
56.57009577
55.82575779
55.72665553
55.83939560
60.72672695
55.90529265
55.80323681
55.97173030
55.78140588
55.89007044
55.75346195
55.86370265
55.73401977
55.82074074
55.64951733
55.77122337
55.74130714
55.79688391
55.82896793
55.94899472
55.68022170
55.78292458
55.70463381
55.79121753
55.69955542
55.86111402
55.69208328
55.79709244
55.71178033
55.79920337
55.66239272
55.80066965
55.80100965
55.82743305
55.76501226
55.81989602
55.71873509
55.78786384
55.78325751
55.85120386
60.71265679
55.83224153
55.95526602
56.01631340
55.82864305
55.95098491
55.81061544
55.83065072
55.74546533
55.90585767
55.78060826
55.82572293
55.81562402
55.86324340
55.77566909
55.82596721
55.72037458
55.77660119
55.65282472
55.76690058
55.73398037
55.85485660
55.72031465
55.88193851
55.81428953
55.80341393
55.71028358
55.81254537
55.68416291
55.79629447
55.73523060
55.83198237
55.82913263
55.82719519
55.70968340
55.84531765
60.68496470
55.93146365
55.78640358
55.77181577
55.68265391
55.78748707
55.67511223
55.79959447
55.67410840
55.76149040
55.74412728
55.75071135
72.32453574
55.80898184
55.62921616
55.68846023
55.70215458
55.77785907
55.78005619
55.82684233
55.88826967
55.89054063
55.77924156
55.81638212
55.80257667
55.79129600
55.77527307
55.76316274
55.74935272
55.75482700
55.76641537
55.88317316
55.69915451
55.86332809
55.70060095
55.78654591
60.75390398
55.90135581
55.85108474
55.83201323
55.74506881
55.81956049
55.72975823
55.77245533
55.65053860
55.91355795
56.87225444
55.68074963
55.73367449
55.82438447
55.69172458
57.04939679
55.79618721
55.87535595
55.67207733
55.83693037
55.78680095
55.79497309
55.74270791
55.83970860
55.68014158
55.84179237
55.75646209
55.85900440
55.73318023
55.78520172
55.68759302
55.72083777
55.70746535
55.87744188
55.78269712
60.76525498
55.78140530
55.84064233
55.77108202
55.76463677
55.65359030
55.84889628
55.85341612
55.67677535
55.71421247
55.79730895
55.70584535
55.76884567
55.77575344
55.85821293
55.79699965
55.81526444
55.76938728
55.85570942
55.73248479
55.99928451
55.69332653
55.76254595
55.77836053
55.77470060
55.70953530
55.78936535
55.72162467
55.81924779
55.77857498
76.10786074
57.53077991
55.98606130
55.76487584
55.88534937
55.67847928
60.91547658
55.76932391
55.81761458
55.64316184
55.81399598
55.72063386
55.82506644
55.71012481
55.90193644
55.80814430
55.80663326
55.69347770
55.83079770
55.73094235
55.80195686
55.72028709
55.85185356
55.77233244
55.78857774
55.90908158
56.13576416
55.89852037
55.98504551
55.92086733
55.96043288
55.90159214
56.05964933
55.80549372
55.78358856
55.71382542
55.81474574
55.72053191
55.80183207
55.71167479
55.77120274
55.65222695
60.73247863
55.77557658
55.88591328
55.70153188
55.77231065
55.69956349
55.73945749
55.62384726
55.68308777
55.69121514
55.76223179
55.65536114
55.65450067
55.86970342
55.66514979
55.58857077
55.61451944
55.53968172
55.68980172
55.76434491
55.84159609
55.79498586
55.81640707
55.76223802
55.82475672
55.77273930
55.84831035
55.83358086
55.83548691
55.66248400
55.72409660
55.70444816
55.76606053
55.72877247
55.88194186
55.72126742
60.84090060
55.97507479
55.88557942
55.75860400
55.88735135
55.72355502
55.86251812
55.72342012
55.83806012
55.68646812
55.77745956
81.25536363
55.92822412
55.87068149
56.06041277
55.92940379
55.97418249
55.82587502
55.87190219
55.80734321
55.80615333
55.72246205
55.81742412
55.72124023
55.73576065
55.71864416
55.76940247
55.66537728
55.69291698
55.68930174
55.77808642
55.68267226
55.74251865
55.80364579
55.81092240
60.80172707
55.94691751
55.76879765
55.84474619
55.83396944
55.76193091
55.68856314
55.70772323
55.82879130
55.76056505
55.66187900
55.72760088
55.68489523
55.76666172
55.71308649
56.98545230
55.69827791
55.75288570
55.63728677
55.67920419
55.71617435
55.71138974
55.57478419
55.64861872
55.59731709
55.68521809
55.65677037
55.80223847
55.62351712
55.70636284
55.79620060
55.85196853
55.74081758
55.77134335
55.78162972
55.74534156
60.73474277
55.88236619
55.80250377
55.77630377
55.74512121
55.83189628
55.70883647
55.69418614
55.58969921
55.64987886
55.58132119
55.67302147
55.65118484
55.72382405
55.61122353
55.67790900
55.57762593
55.60035893
55.53683621
55.73282274
55.67344816
55.73174040
55.71435242
55.78541405
55.70579535
55.75312300
55.75306467
55.81813730
55.77624642
75.55962649
56.58223819
56.06141526
55.69034758
55.76196953
55.75599977
55.83781093
60.95888228
55.95350249
55.72076779
55.82276865
55.72341012
55.75522430
55.70075800
55.79661112
55.73341598
55.81156044
55.73302351
55.81827456
55.76268395
55.82025072
55.62980716
55.70871926
55.65123272
55.77844528
55.76971600
55.88242181
55.76243086
55.91000160
55.82221898
55.89354433
55.75728140
55.81041556
55.71558800
55.75244642
55.67169244
55.80695972
55.71702109
55.88610542
55.95790360
56.02291221
55.89535451
60.85160070
55.68836223
55.75459933
55.62929988
55.81294658
55.87046493
55.97143505
55.88957588
55.94732256
55.93910202
55.91534151
55.88505319
55.95767586
55.89023100
55.98253837
55.96222930
55.98992586
55.88674635
55.98418509
55.77566021
55.90766163
55.68903933
55.80926321
55.69581728
55.84238793
55.75437491
55.82314956
55.63020498
55.78673205
55.71536770
55.82154419
55.70395593
55.77931198
55.72879186
55.76998974
55.73340907
60.79579779
55.88281349
55.86567833
55.72206984
55.85995791
55.72734167
55.82168156
55.65042500
55.75397849
55.60386072
55.80932756
72.17968879
55.86424158
55.78140416
55.84917616
55.78311949
55.88225651
55.81275805
55.83676244
55.94490567
55.84191328
55.71427086
55.87630291
55.82801637
55.84716570
55.74532551
55.80201023
55.73230691
55.81660567
55.68036463
55.73947435
55.66505821
55.82514386
55.71369519
55.77920823
55.68958684
60.92627335
55.77337202
55.81059244
55.76983312
55.85811147
55.69661135
55.75508167
55.70733758
55.81608298
55.71460842
55.86870670
55.84032830
55.83478523
55.77674342
57.03832495
55.67374147
55.87763426
55.74259888
55.80793014
55.73702849
55.77632986
55.80594967
55.85162679
55.69937533
55.78963451
55.76042140
55.80603195
55.67153212
55.89046223
55.70075902
55.82305367
55.73622258
55.85252881
55.78320784
55.89508393
55.64761223
60.78293777
55.78011426
55.80001549
55.69923358
55.80762067
55.70052795
55.79747988
55.67152370
55.74996379
55.66054565
55.72362263
55.60422486
55.75220988
55.71264467
55.74767416
55.66288133
55.70541972
55.65236633
55.84836314
55.62625370
55.79241916
55.72703037
55.73977744
55.67030100
55.75703279
55.66918481
55.74974577
55.68655609
74.79637814
55.73608135
55.81881414
55.71028130
55.75836037
55.73720374
55.78785235
60.80540135
56.04744626
55.68708584
55.86757563
55.78696388
55.78792965
55.79348340
55.81745195
55.71991267
55.82421016
55.73742509
55.84536642
55.68579916
55.76881956
55.76541051
55.82464902
55.66576891
55.77477053
55.70756579
55.88008228
55.68228633
55.83851414
55.80065849
55.76516472
55.64183342
55.89889493
56.03753888
56.06430851
55.83950877
55.88496565
55.90568349
55.92639093
55.95052416
56.00767163
55.88872870
56.02097298
60.77179005
55.97622386
55.70899053
55.84219526
55.78189700
55.97491760
55.85898398
56.04667526
55.90570258
55.90249842
55.94825574
55.99914577
55.80320409
55.92373072
55.88999147
55.92002309
56.73667616
55.92023193
55.67132028
55.89096642
55.67934314
55.81985093
55.72463507
55.81966307
55.73581653
55.76709872
55.66677249
55.75132360
55.71173093
55.81456451
55.72758342
55.74216809
55.66999351
55.77317758
55.69966033
55.84488781
60.72079212
55.95227695
55.74091970
56.02419626
55.66568853
55.78015630
55.72086360
55.81419649
55.66596188
55.81227598
73.33486293
56.35414421
