94.91028782
57.39883048
57.19744693
57.20426880
57.29580057
57.39584616
57.18645043
57.16850945
57.34364939
57.17038918
57.17699732
57.31174411
57.07918220
57.47665618
57.10596877
57.16102602
57.20529009
57.14119193
58.67976970
57.13251009
57.17023959
57.20066561
57.19830166
69.57890632
57.27953841
57.28999725
57.17767509
57.13263620
57.31758164
57.20580723
57.18612330
57.14166757
57.08668159
57.06742343
57.15235641
57.06637445
57.03814839
57.17777230
57.08624718
57.28577080
57.37161925
57.16766802
57.20162409
57.23135761
57.18813884
57.21576225
57.30063500
57.15402877
57.13104623
57.16067430
57.27343066
57.29618393
57.23224791
57.07637389
57.16715530
57.12539611
57.27503714
57.34416282
62.30937073
57.27991377
57.10920002
57.25983234
57.18409720
57.28129648
57.27090466
57.14175493
78.27756070
59.07565311
58.26603532
57.10696405
57.05327459
57.21983466
57.26485252
57.02871943
57.23976880
61.50709057
57.18516459
57.05022720
57.06752050
57.10886200
57.12472530
57.04911952
57.02081461
57.10366402
57.09012086
57.21162768
57.08293218
57.21825673
57.22141364
57.10164148
57.10851739
57.20887511
62.29108314
57.19694134
57.28398120
57.14296698
57.16789752
57.04555889
57.00416482
57.15989718
57.13222016
57.26550232
57.16287968
57.21878089
57.09274605
57.17255936
57.07514073
57.16113809
57.18794539
57.38212957
57.29540507
57.35197895
57.09134139
57.11601589
57.07075782
57.21195286
57.24876082
57.08404182
57.18063845
57.12754223
57.12028359
57.20848639
57.26196064
57.16667616
57.09658011
57.06152950
57.20959482
62.33483173
57.16242443
57.27787452
57.17754725
57.26756777
57.05174105
57.10924839
57.05144523
57.22834873
57.18885748
57.05389734
57.20741391
57.06945809
57.05608784
57.14578930
57.15050518
57.05789200
57.16443193
57.17515432
57.11708291
57.04175848
57.11560348
57.35626670
57.09091023
57.06199261
57.19679400
77.99452552
57.87183843
57.88601139
57.40338450
57.19089798
57.10699809
57.15443266
57.07973184
57.33023400
62.15921184
57.18187523
57.16793791
57.19809966
57.04087468
57.20264914
57.16568589
57.14866086
57.16311164
57.24577480
57.40941025
57.36811920
57.27348277
57.34137316
57.26989766
57.10568573
57.36942836
57.18547532
57.26534811
57.27247330
57.24638857
57.18050005
57.19901998
57.17464582
57.12968859
57.23634900
57.14115607
57.08035105
57.16222025
57.07924970
58.44749816
57.08225975
57.16941539
57.14345484
57.26338355
62.14041059
57.24092670
57.20683114
57.15025466
57.04845225
57.04472209
57.28894284
57.15708323
57.19511491
57.14997320
57.25058741
57.05724230
57.21221886
57.17800539
57.24079998
57.06040386
57.17125227
57.09285186
57.01039386
57.11860825
57.07522557
57.21617536
57.31351007
57.19410436
57.31672550
57.23947677
57.23756345
57.14493380
57.13402366
57.00013466
56.98276318
57.10999968
57.12479952
57.11648320
57.36767407
62.16219827
57.14598259
57.18132786
57.11485684
57.08880500
57.21197741
57.22843161
57.24440568
74.86571750
57.76127214
57.12181868
57.11489252
57.20614475
57.20864650
57.29491045
57.12835550
57.22384807
57.21598814
57.19496884
57.19290907
57.21467523
57.19717305
57.11137464
57.23343007
57.19766930
57.26107161
57.04884284
57.27049334
57.30993609
57.37004093
57.28829109
57.36439705
57.27011927
57.05781670
62.14739332
57.27116566
57.18212373
57.06637639
57.06101657
57.27752282
57.05332218
57.19222566
57.20428000
57.18508614
57.15508909
57.04416495
57.15979166
57.25207648
57.18557748
57.20870259
57.12450477
57.23158318
57.18456907
57.22855634
57.09110727
57.18944384
57.29905995
57.09030686
57.12496686
57.10330359
57.11573130
57.12281500
57.10043195
57.11145975
57.24148125
57.18744641
57.22101755
57.16709123
57.17864318
62.23294441
57.16962280
57.17840441
57.23506766
57.24376107
57.21430736
57.24625580
57.10290730
57.09201620
57.19803493
57.24961673
57.25347111
57.30542584
57.35908382
57.25420943
57.20436543
57.16494816
57.15105777
57.16118014
57.16983223
57.09302543
57.18427823
57.27214855
58.34557516
57.18688070
57.21729284
75.63767373
57.88111066
57.29363045
57.17438811
57.31170075
57.17875782
59.98641634
57.04763732
57.24367357
62.17658836
57.16312607
57.07191877
57.10215330
57.06312502
57.00860259
57.13451616
57.02500320
57.02629386
57.23335823
57.22073057
57.29376832
57.25916175
57.33140391
57.38565436
57.37014575
57.32631759
57.30172348
57.09309018
57.25150780
56.95119164
56.99088948
57.03195657
57.06117023
57.05966309
57.05025686
57.07745007
57.04577125
57.03589020
58.24146639
57.18281080
57.16566939
57.21522005
57.19575989
57.14693341
62.06022398
57.28033732
57.20006934
57.21520816
57.23317105
57.27506723
57.57393607
57.09088016
57.01613248
57.02252820
57.00936241
57.00237559
57.19482093
57.14510523
57.12869539
57.04022955
57.22692439
57.10758818
57.12043941
57.06473502
56.99318211
56.97068809
57.11305475
57.08822820
57.06519502
57.08089691
57.11837777
57.06742652
57.06000239
57.10352243
57.06133470
57.11041175
57.13155748
57.00748745
57.32944920
62.12651834
57.17099555
57.05652136
57.12055348
57.12472093
57.02683532
56.97140032
57.09465186
78.55950098
58.06755430
57.13129395
57.02462705
57.07559805
56.97525184
57.12200666
57.06169355
57.05174448
57.05246330
57.07951084
57.09569748
57.00211441
57.19984693
57.16879759
57.18200275
57.14510466
57.11338927
57.25261070
57.19612116
57.30350030
57.24757845
57.29706370
57.28632420
57.32271182
57.33872232
57.28581305
62.39645959
57.21391880
57.13249445
57.03887995
57.10944434
57.00461575
57.05401552
57.07636375
57.14180145
56.99020864
57.07764816
57.04984489
57.09373909
57.12666695
57.02683039
57.11864950
57.18247614
57.00662895
57.36758900
57.31367139
57.13555823
57.01791384
57.04865755
57.07652518
57.16826093
57.03178480
57.03553868
57.10617745
57.02623977
57.10063311
57.14644993
57.14541543
57.12941402
57.19823614
57.00809718
62.22148089
57.14239911
57.03001259
57.18143125
56.98758764
57.07026695
56.98220870
57.08404843
57.07576089
57.16463111
56.93561045
57.12795502
57.01375527
57.01654916
56.99623664
57.16500186
57.31246273
57.10592205
57.22324739
57.11953407
57.14164173
57.20323402
57.21067820
57.19989105
57.13424041
77.89117432
58.62570014
57.22266239
57.30083239
57.04398870
57.08247232
57.17336836
57.13397727
57.22824845
62.17858952
57.19396086
56.99783050
57.03543889
57.03715816
57.07195950
57.14946998
57.26326248
57.07170668
57.41552386
57.15390364
57.15694750
57.19162848
57.19064548
57.18502620
57.16779420
57.28024791
57.22701391
57.23478861
57.28237482
57.22518450
57.07440155
57.14604152
57.11094061
57.11518157
57.10000077
57.11256768
57.11173291
57.12466245
58.34337066
56.99842998
57.14830884
57.15838614
57.19235230
57.09274875
61.99217655
57.20597859
57.00899393
56.97987391
57.09053893
57.20453866
57.03991814
57.08037607
57.17146014
57.30197020
57.54373243
58.52090155
58.22843023
57.07607941
57.10218918
57.09652318
57.35747855
57.35698400
57.22004852
57.24777784
57.03399739
57.18019361
57.09820027
57.20624070
57.23639200
57.21956702
57.27958736
57.23663495
57.08409184
57.19675923
57.21023732
57.09615961
57.19573350
57.30208648
57.28906657
62.17304623
57.28004634
57.20171025
57.20947186
57.20036650
57.20176339
57.06690914
76.36541420
58.78275591
58.00032532
57.19008952
57.19528091
57.19619859
57.07663850
57.29914468
57.19397720
57.27454452
57.08227791
57.05739343
57.10892757
57.13403511
57.13728245
57.12783068
57.09644289
56.99000670
57.04634148
57.02177589
57.17396461
57.13351732
57.12526382
56.97004664
57.07851730
57.12313677
57.06623568
57.09277791
62.26196800
57.04281250
57.14823370
57.03775014
57.07260436
57.14805473
57.09831670
57.21384927
57.10033743
57.22005980
57.08391507
57.01587002
57.13306166
57.10429768
57.15395005
57.06505077
57.17895870
57.05376380
57.28865641
57.03261725
57.22619539
57.12886066
57.18629980
57.05785580
57.13890207
57.10600248
57.16733582
56.95027807
57.05131361
57.15719039
57.07882389
57.10862761
56.99898041
57.21345927
57.13305143
62.18183466
57.06423227
57.14911950
57.07654305
57.00348798
57.14109925
57.12821823
57.14948114
57.06178664
57.11007018
57.04167780
57.13645250
57.13623782
57.09512552
57.01483807
57.15361295
57.17270757
57.15041980
57.10879936
57.11650009
57.07239809
57.37624016
57.06924327
57.20636427
76.32053861
58.40436752
57.15765845
56.95471575
56.98745591
57.09920866
57.08414193
57.06467009
57.05779802
57.21645652
57.01880793
62.10715020
57.04459114
57.04915809
57.11640007
57.05566105
57.13812593
57.19651227
57.16747448
57.07981577
57.04578505
57.14332814
57.18164709
57.16828589
57.03135723
57.02840266
57.27076157
57.15182616
57.06083350
57.17371652
57.08509270
57.16952714
57.16297182
57.04973943
57.12593455
57.03486855
57.11551580
57.17686445
57.07737052
58.31651061
57.00192620
57.18520982
57.02518552
57.03156302
57.18926166
57.21568916
62.17929770
57.09645741
57.16759230
57.10143650
57.34773091
57.17888861
57.29914132
57.38513007
57.10728727
57.10736011
57.05401025
57.20708175
56.97622618
57.14097661
57.13928968
57.43018355
57.24034511
57.18671364
57.08286600
57.28496400
57.08850630
57.12079259
57.10697195
57.28176805
57.26363041
57.12234150
57.07650489
57.01766241
57.14669155
57.17677625
57.20223234
57.14255516
57.38568191
57.25300259
57.07596530
62.32628866
57.38816911
57.34175164
57.40583227
57.32210605
57.35484557
77.07060948
58.71590793
57.11060236
57.00056527
57.02012320
57.11455611
57.19804995
57.03044559
57.27312268
57.09216511
57.20706818
57.08965982
57.10031600
57.02978109
57.01753159
56.90204727
57.00967757
57.08176339
56.99508339
57.10847416
57.12144218
57.11593382
57.13184705
57.04938259
57.06810225
57.02918150
57.20784025
57.07644348
62.15043552
57.11644195
56.97527509
57.00606089
57.13738307
56.97492102
57.09147882
57.07421343
57.05763198
57.11544420
57.43926139
57.33154280
57.36638866
57.18668200
57.19236995
57.30700564
57.05129784
57.00081841
57.12862961
57.15712773
56.98685266
57.24564966
57.16848000
57.30897914
57.31449143
57.19482348
57.20614145
57.22297934
57.05665418
57.17441773
57.16696914
57.16665823
57.15416702
57.13172498
57.17694105
62.22928530
57.17269464
56.99451073
57.06065866
56.94075084
57.08831143
57.23853223
57.23591598
57.21213861
57.17500143
56.94867084
56.97645564
56.97101741
56.99387768
57.01591789
57.18147727
57.01490132
57.14731952
57.02630707
57.12285377
57.08862282
57.05134632
57.14561736
57.05903000
77.75948791
57.29599955
57.15351130
57.17818757
56.97779607
56.95635936
57.07344193
57.07633159
57.04559064
57.18370539
57.09447800
62.16622016
56.99401677
57.12164355
57.09960995
57.03234755
57.07663305
57.09524027
56.99026248
57.01887470
57.00544323
57.03186727
57.04379557
56.90870134
56.98724543
57.01570366
57.11669755
56.97889459
57.01560832
57.05412707
56.97408564
57.06496120
56.97077932
57.08390773
57.21417375
57.24192057
57.29305591
57.32573811
57.16824507
58.34979302
57.04278286
57.15528205
57.14669825
57.24678343
57.10899989
57.21472409
61.98513857
57.15810698
57.04617445
57.15542307
57.13995095
57.17560014
56.99341943
57.01224886
57.47421150
57.03868318
56.96485575
57.04147964
57.18958816
57.10042045
57.05818282
57.09869782
57.06274659
57.09141802
56.95724202
57.01262543
56.99870559
56.98709145
57.04229243
57.11542143
56.99184498
57.09348716
57.19235359
57.11457641
57.01925200
57.15194784
57.05785557
57.23875839
57.32993652
57.20912448
57.15899623
62.13648211
56.98786034
57.09334520
57.04281748
57.05067755
57.03158789
75.99200298
57.85309255
57.87300625
57.75393536
57.14166600
57.10812252
57.12019400
57.00110636
57.21410155
56.98826691
57.13350045
57.12332605
57.92876709
57.17595780
57.04796032
57.03200816
57.05635105
57.23252466
57.17749125
57.20352695
57.07023445
57.07301182
57.03774307
57.07014634
57.12920877
57.01411673
57.21460511
57.07294009
57.18194466
62.03344732
57.08401418
57.03376989
57.18221318
56.95343477
57.07721282
57.05061932
57.10828857
56.94394977
56.97185725
57.05162227
57.03957684
56.92118093
57.10240450
57.05497120
57.07993736
56.95530264
57.06338241
56.93254382
56.93617386
57.10186002
57.18737605
57.16908157
57.14453377
57.04734486
57.15497530
57.05953884
57.13168134
57.15640098
57.16731850
57.01854216
57.07326152
57.15603234
57.09733498
57.09607245
62.14090134
