70.16965518
58.28257780
57.92477731
57.97236898
74.02473787
98.08902716
57.93974316
57.90400304
57.82990169
57.90668293
58.02448620
57.87216760
57.98667922
57.92855384
57.88981920
57.85854916
57.80771493
57.87103158
57.81286096
57.86416418
57.77837691
57.89902820
64.47606769
57.88612524
57.90804636
57.92384327
57.90224611
57.94249724
57.84226022
57.99321200
57.84195069
57.97280167
57.76155156
57.93463807
57.76951993
57.96852809
57.80641138
57.94924813
57.80075509
57.86767022
57.79652731
58.33051771
59.41012278
58.07956562
58.03591396
58.07982698
58.06242764
58.05192809
57.98880938
58.08225433
57.84733991
57.92551873
57.84455298
58.00729487
57.93736678
57.93297462
63.41910982
57.95220567
58.10794527
58.12972824
57.89539187
58.19639289
57.92153873
58.02209249
57.95060887
58.05729867
57.86099000
58.02817587
57.90699942
57.98046742
61.92029082
57.91741487
57.85833496
57.89323520
57.83775676
57.85906898
57.86798720
57.89255936
57.88653733
57.89010973
57.84151884
58.03550153
57.83239293
57.81469293
57.76778749
57.87518351
57.78574176
57.87605464
57.85635476
77.71490118
62.96273282
57.91047569
57.97091142
57.88199849
57.86831562
57.94121056
57.81092069
57.94965596
57.86586122
57.88431467
57.82879116
57.91277458
57.81608769
57.90810984
57.74622656
57.86124144
57.84393938
57.92399267
57.88340904
57.96456084
57.84392371
57.90015382
57.84230756
57.87886416
57.88300289
57.96317124
57.82955560
58.11503884
58.09480849
58.13754184
58.11633236
58.20873153
58.21531162
58.09598631
58.04306291
63.17897647
57.95241444
58.13465816
57.92215127
58.04756382
57.84883591
58.00115331
57.97731260
58.02184100
64.52129256
58.13819664
57.86034276
57.89102651
57.82433504
57.85955000
57.83523631
57.92373458
57.72294056
57.90613251
57.78925807
57.82168420
57.81219520
57.86639844
57.70889727
58.05567396
57.80410193
57.98160089
57.84393251
57.80940262
57.78986978
57.87411709
57.85690120
57.81368820
57.76841887
62.99821051
57.88491231
58.04476073
57.82641782
57.95125011
57.79465713
57.96944982
57.87112811
57.90817333
57.69765922
57.84209527
57.80349536
57.85841544
57.92372204
57.86758911
57.81275151
76.99932589
57.88423642
58.02793718
57.80814382
57.87513709
57.78592718
57.85713360
57.95362840
58.18429236
58.02708593
58.14163671
57.96559173
57.93321342
57.90489693
57.88845407
57.83080453
57.91257256
57.88814989
58.04397589
63.02863887
58.08674171
57.83149953
58.05801891
57.96205882
58.03072669
57.90976733
57.95651973
57.79246084
57.81585853
57.80860369
57.87577458
57.84554958
57.85976893
57.79206627
57.87179033
57.79149422
57.84266589
57.83957753
59.20767800
57.82705580
57.97116691
57.84098502
57.91169209
57.87046736
57.88362240
57.89266156
57.88059696
58.00763009
57.98218940
57.97821669
58.01625204
57.83078091
57.86343036
62.85566129
57.88325960
57.91266422
57.91216747
57.79640587
57.85555104
57.84555522
57.99270913
57.88076829
58.05624620
57.86683173
57.92673778
57.86134309
57.97336236
57.85531329
57.94983911
57.80369240
57.91723567
57.88624631
57.89163047
58.01815540
57.98979698
57.96757858
57.91110509
58.05122060
57.92473020
57.85961816
57.95655562
57.86374071
58.01146422
57.91045824
57.95100891
57.91666244
76.19886593
64.69590440
59.04477849
57.92286404
57.94542464
57.85009158
57.88892384
57.84174558
57.94538896
57.83804544
57.84891700
57.80266982
57.86710758
57.77386596
57.64832207
57.58772082
57.57440440
57.64087947
57.73510118
57.86699582
57.89932549
57.79946631
57.91446404
57.88549662
57.92194271
57.92701047
57.86456180
57.79423429
57.96107069
57.77582760
57.93974047
57.79876291
57.91746629
57.85446469
57.85413809
57.79184287
62.95819620
57.89484100
57.90040524
57.82875638
57.92665507
57.95905893
58.13484873
57.98844062
58.06109453
58.00456380
58.09608209
58.02218116
58.04780873
58.04428064
58.02844018
58.13787798
58.15041002
58.03529971
57.90018998
58.00303133
57.98010864
57.90250369
57.96531620
57.94633618
58.09976409
57.92727053
57.94821776
57.96922358
57.95592978
57.95171829
57.91532040
57.85587404
57.87691436
57.78889173
62.93020173
57.88048482
58.03469084
57.86670993
57.92201942
57.83750662
57.89833947
57.85686371
57.86310349
57.73351353
57.87608704
57.80100644
57.91693067
57.85533964
57.85538707
68.48871991
68.02226351
58.05911247
57.92139324
57.86118991
57.92872667
57.77845907
57.94303564
57.82447860
57.97938969
57.86705178
57.89274498
57.83839422
57.89274893
57.81232822
57.91402038
57.86905611
57.93802120
57.86301987
57.94974502
64.16738764
59.14168251
57.73819269
57.83321940
57.83073422
57.81357602
57.76259987
57.77909031
57.79605340
57.80871804
57.84141724
57.87020467
57.98561627
57.97910418
57.85957024
57.94793024
57.83978058
57.85076909
59.11156362
58.04145584
57.94258307
69.75003831
64.13586062
77.80846824
60.14363233
62.68452716
93.21654384
65.20892658
64.05907291
63.46406133
64.34246336
64.46080249
68.85771173
62.09964169
63.67293571
63.37398478
62.46237027
64.16444420
66.86554276
62.58126022
65.36190596
63.48124976
62.92171342
63.62038527
73.99738564
74.81169100
86.95195764
68.59612460
64.40301242
87.81380900
63.08899693
64.98739769
62.41712780
64.99619762
63.98601211
64.56763482
62.77676489
65.95897033
64.21180691
62.47944338
85.80661336
64.54440520
68.79983871
64.23515198
78.55505293
65.29422587
61.97914238
58.13539069
57.87042684
58.02705289
57.80369424
57.91902424
57.92024493
57.96833700
57.98545869
58.00227571
57.95989802
57.91436180
57.98582456
57.93461924
57.84561460
57.97006522
57.87393956
58.06314758
57.86806031
58.08146624
57.95131642
57.95282711
57.89611956
57.96085333
57.90238651
57.90870171
57.84640316
57.91822047
57.83129782
57.92281878
63.86254267
57.98508202
57.77371464
57.87757000
57.96048944
57.89686049
57.80273340
57.82297393
57.81862411
57.87690464
57.85818753
57.89217364
57.83348698
57.90279453
57.83416216
57.85542202
57.79112276
57.86327791
57.87309827
57.93733836
57.77162869
57.93549044
57.78775340
58.01532749
57.79983713
57.89472182
57.77789822
57.85190109
57.81664018
57.90437989
57.85048787
57.97886480
57.79499373
57.92250307
63.16604216
58.02111073
57.97091211
57.89793644
57.84567089
57.83477549
58.04007671
57.96122189
57.98426631
57.94218093
57.91282693
57.95042589
57.83923971
58.01328473
57.78700442
79.90846131
57.90696007
58.01761004
57.93285542
57.98655562
57.91755869
58.02964824
57.95258433
58.07587496
57.84468873
57.85256862
57.79060058
57.86387184
57.85670324
57.89680560
57.83001396
57.86173880
57.79295327
57.84460578
57.85018376
63.13449769
57.85617642
57.85618942
57.84852689
57.94078684
57.85107422
58.48930922
57.81257489
57.91585816
57.88009158
57.89307904
57.86201758
57.94807684
57.79903027
57.95811487
57.78849822
57.91046089
57.84424022
59.32857804
57.86063000
57.96714022
57.81339662
57.95162607
57.99306147
57.93513462
57.91034329
57.94428644
57.81647118
57.92867129
57.86193613
57.98328351
57.88538893
57.94321660
57.85288069
62.96173976
57.94269233
57.95828524
57.90635184
57.99127967
58.11499782
57.97971056
57.83752333
57.97248818
57.85710591
57.95737060
57.96569129
58.04215638
57.86637309
57.95639502
57.91016782
57.98385722
57.93158942
57.97552738
57.81739887
57.94648524
57.78285076
57.91137382
59.54436604
57.89715353
57.84892756
57.83555933
57.83205924
57.91147993
57.82537518
57.84866131
57.83755871
76.99100964
58.37265736
62.97158716
57.95945096
57.82768707
57.82113276
57.90049307
57.88266304
58.01643416
57.85739091
57.92352673
57.85298689
58.01679931
57.87572560
57.90349582
57.81602756
57.92687371
57.84003098
57.88269929
57.80722762
57.86074940
57.80482711
57.93809956
57.86109600
57.93705822
57.90519733
58.11801924
58.05001991
58.09239071
58.03479324
58.13765038
58.00728778
58.11852904
58.14114667
58.00835247
57.95127513
57.95684324
63.07022029
57.94682760
57.91929884
57.95745340
57.79449502
58.01069271
57.93801667
58.07782713
57.82135953
57.96385082
57.91596311
57.98702887
57.89298918
57.94727440
57.85993147
57.86888918
57.85584662
57.91429711
57.86554978
57.90611827
57.85757336
57.90274969
57.76342962
57.91863431
57.83438776
57.90541156
57.71522840
57.86580880
57.83478060
57.93022420
57.87874667
57.88306922
57.74830424
57.87174011
57.88757873
63.04464416
57.80883964
57.91147453
57.77145064
58.01231673
57.87068391
57.90071007
57.83131629
57.95542900
57.84378949
57.91234131
57.88768100
57.90785756
76.88751569
58.01864311
57.89831622
57.96509242
57.87321276
57.93102122
57.82006818
57.98303227
57.91593331
58.02266582
57.75890578
57.92003849
57.82854856
57.94366447
57.91987282
57.94911696
58.02440120
57.92227164
57.91281133
58.01747478
57.87497576
63.14520613
57.89542256
58.02443167
57.89782073
57.96883831
57.96427871
57.97984989
57.92013464
57.93286507
57.90655947
57.86679498
57.78326518
57.84112069
57.80694767
57.86061413
57.78983340
57.81662220
59.10457091
57.87093158
57.86296702
57.87478262
57.79960238
57.94387907
57.77705622
57.89528278
57.78855791
57.88416673
57.85894556
57.83633598
57.80608658
57.88444807
57.78441289
57.85141253
57.78130822
63.14588653
57.90639844
57.88518758
57.86906791
57.95828587
57.87737538
57.95023160
57.80981196
57.91321829
57.79102598
57.90288062
57.82593398
57.84389518
57.74129082
57.86956102
57.82267329
57.95482280
57.88831967
57.93435604
57.88601544
57.92954142
57.91280358
57.96700044
58.03261600
57.96021969
57.93752464
57.93804907
57.85541551
57.95702047
57.90566842
57.95876971
80.75817164
59.44323216
59.26057973
65.16833920
60.24370924
58.00155020
57.86920080
57.94561020
57.95912589
57.92214573
57.84861653
57.90134938
57.87551907
57.92724189
58.03291178
57.88609004
57.79524820
57.85150791
57.83923473
57.88757722
57.80964644
57.91871507
57.85454016
57.93412156
57.80794104
57.85303233
57.88218893
57.87349324
57.87044651
57.91107680
58.00600918
57.91132302
57.85225516
57.94162196
57.76593440
57.81054138
57.80425149
57.91022676
62.97666784
57.90820696
57.81509887
57.78611398
57.81872680
57.95507604
57.77796400
57.94854789
57.83571871
57.95146520
57.83170153
57.91600149
57.92047389
57.90329544
57.82889347
57.96441207
57.89363500
57.89162467
57.81420431
57.84437458
57.87228089
57.87516031
57.87945020
57.84448629
57.83905369
57.97863304
57.93048449
58.00355569
57.91570671
57.92747787
57.86085984
58.00507162
57.96741676
57.93297871
57.87739718
63.07054698
57.84932651
57.89365609
57.91668460
58.01082356
57.84570356
57.87706978
57.80643471
57.91312593
57.79394873
57.86049251
57.82212733
57.88105120
78.53724498
59.03159598
57.80443729
57.85386769
57.79268284
57.86290742
57.88152344
57.96869816
57.88970518
57.89836707
57.75580129
57.87476798
57.78518271
57.87452973
57.86705204
57.86758293
57.79052651
57.91835118
57.82436182
57.87991691
57.83811669
63.11196929
57.91103896
57.92339673
57.82483667
58.01298744
57.82617409
57.96644813
57.80853711
57.94636193
57.81284447
57.86487978
57.85809936
57.88749127
57.87886213
58.03333731
57.97457787
57.94943431
59.20078862
57.89628731
57.88264336
57.99929991
57.89946807
58.10703764
57.93627153
57.94885149
57.89210744
58.03310982
57.90478438
57.95434878
57.83701598
57.93049562
57.88305013
57.87174031
57.81579829
62.94603989
57.77387360
57.82599636
57.80406909
58.05061673
58.08960851
57.99149718
57.94150122
58.00460413
57.99029442
58.05144542
57.94811511
57.98589164
57.99367956
57.92422364
58.05769311
58.01193731
57.80229489
57.86673307
57.82217971
57.93718589
57.81574011
58.08298853
57.87045124
57.95216193
57.88510153
57.90783191
57.78060282
57.91287120
57.85313060
67.51227589
67.82867691
58.82297127
57.76943467
62.94567284
57.89240440
57.99613944
57.82970844
58.02833091
57.88355013
57.94054653
57.92786544
57.89609871
57.90160480
57.91738518
57.99044027
57.94091407
57.90253440
57.95352929
57.84177938
58.02383896
57.91547989
57.98148407
57.84732560
57.89042800
57.88068189
58.12218671
57.89829513
57.91255689
57.85425404
57.86265218
57.85948140
57.82382427
57.82589144
57.90515778
57.81316260
57.86055122
58.68995567
57.87136278
62.85687571
57.89740671
57.83227773
57.84899856
57.93463760
57.87047696
57.76882202
57.91274360
57.74787960
57.87514318
57.87553409
57.92765067
57.84956051
58.00864393
57.86613011
57.92794291
57.79034353
57.91980378
57.77649887
57.98742233
57.85802062
57.89684864
