63.51221611
60.39749757
60.56591561
60.26141630
60.32301987
60.42047057
60.14714991
82.59553937
60.36561309
60.20920780
60.11639004
60.06471624
60.10474941
60.15721246
60.28556341
60.26129711
60.16254033
60.12011259
60.21300622
60.21178515
60.16058848
66.87852978
60.26855952
60.24436526
60.15951691
60.21426122
60.22136441
60.13862076
60.27000417
60.22368541
60.28004370
60.27523754
60.20880137
60.10126487
60.14135750
60.45664896
60.21502852
60.10549885
60.15369011
60.17400730
60.12501528
60.02207774
60.21573059
61.52545761
60.23643378
60.25656254
60.30609702
60.27450900
60.31267783
60.15894785
60.17803200
60.14562811
60.19907348
60.09722559
60.18851637
70.57594722
60.27604654
60.12999257
60.24339091
60.16371493
60.28246961
60.25083804
60.36724126
60.17452720
60.27289365
60.11062050
60.34398465
60.23775376
60.18198383
64.38278107
60.17881583
60.18053054
60.18965735
60.11614674
60.16017148
60.07493946
60.31050726
60.19745437
60.20765526
60.17666591
60.19544850
60.32965350
60.12672761
60.15382124
60.23252665
60.13419600
60.34886261
60.26585883
65.27264641
82.61078057
61.83682961
61.93334659
60.57599554
60.21856411
60.30895702
60.17837748
60.29891598
60.24950743
60.19357737
60.21821733
60.20799435
60.02022724
60.20684876
60.13265487
60.19614211
60.19143850
60.20804585
60.18270243
60.18572404
60.16423770
60.30473846
60.23761509
60.28051283
60.11953141
60.22688726
60.20568546
60.15277224
60.16800133
60.15851509
60.21214048
60.12734052
65.25322117
60.28669952
60.18985196
60.34085933
60.27226987
60.28786726
60.22428641
60.30471237
60.13115737
60.27255626
60.20057059
60.25021491
60.22596365
60.24083643
60.13385359
60.31733348
60.20584989
60.10491587
60.10593426
60.44376626
60.10582102
60.21015487
60.42185415
60.21083443
60.12691461
60.17697957
60.20227343
60.17467754
60.23619115
60.17592435
60.17546389
60.15758446
60.17337580
65.08270470
60.23164933
60.20872196
60.22450130
60.25702546
60.19032028
60.17009446
60.16459609
60.22233550
60.22424913
60.21317346
60.15174802
60.03720350
60.13429239
60.17435274
60.20354493
60.25496933
72.48681233
67.56470833
60.16959576
60.24799115
60.16119574
60.22735007
60.16231009
60.21452233
60.17352863
60.20936972
60.12481289
60.12127807
60.18982780
60.24765009
60.20922452
60.22142778
65.28265872
60.40586507
60.21702259
60.37084254
60.17402811
60.17684998
60.11830811
60.19560674
60.30980072
60.28502574
60.14784191
60.18780185
60.19302991
60.17371802
60.19526028
60.10233207
60.10055439
60.11923324
60.04071389
60.17320128
60.16028211
61.52010415
60.08248639
60.10386487
60.25004733
60.20142415
60.22307626
60.10824772
60.23268567
60.15771302
60.08673754
60.14012761
60.16902937
65.25524004
60.25063015
60.23232420
60.13985967
65.15038750
60.11678567
60.16054178
60.17843150
60.17915117
60.06830615
60.13173887
60.19374302
60.17530872
60.14184665
60.15222985
60.11441550
60.22991933
60.09935611
60.24163759
60.18122861
60.25307528
60.11742667
60.18034800
60.18586733
60.19670322
60.16807126
60.32162541
60.16911072
60.20671591
60.15947296
60.20351224
60.20517259
60.46647083
60.30368411
80.36580370
61.92549872
62.03144767
65.16154502
60.33779520
60.45807135
60.28901372
60.26033457
60.32786987
60.28498822
60.20483598
60.17557896
60.08392954
60.15764167
60.12790083
60.17753487
60.29977413
60.09931198
60.25823393
60.13858774
60.22309054
60.20237593
60.18252367
60.22535548
60.32481987
60.41754857
60.42772096
60.31506565
60.31509815
60.29721067
60.41006087
60.32290693
60.48383061
60.37283446
60.40665246
60.22893622
65.11847698
60.25959148
60.16212985
60.20963511
60.13092322
60.26838357
60.22421087
60.09282317
60.17948250
60.11351487
60.19828417
60.11437798
60.10346248
60.02056528
60.04776800
59.98341741
59.98448807
59.94499359
60.09304124
60.02708243
60.02385998
60.05005783
60.16916261
60.01755091
60.18055335
60.22693028
60.24950411
60.24696567
60.33966683
60.08217770
60.34039246
60.10613304
60.19849115
65.26382683
60.19510222
60.19907465
60.18173535
60.21085107
60.26823054
60.16754680
60.23303720
60.18244715
60.12979130
60.13294120
60.22310224
60.12666559
79.33577685
60.94447520
60.42369922
60.31904665
60.20655500
60.30003224
60.33148989
60.28860089
60.37525337
60.26882493
60.38541711
60.41578959
60.37925348
60.32042722
60.40547737
60.28273137
60.40632439
60.21678541
60.18954576
60.18003559
65.21410872
60.14587109
60.15403946
60.13989909
60.24352926
60.21133654
60.21267400
60.14989063
60.32277004
60.30434159
60.28639539
60.22743170
60.28005815
60.17446874
60.19310746
60.20421626
60.20721324
61.44735146
60.21880620
60.27594930
60.52519689
61.46802304
60.29232020
60.21007257
60.33893846
60.32722524
60.29757907
60.25053624
60.25636380
60.14015113
60.22020470
60.28842796
60.26253450
65.22064074
60.19112711
60.24350052
60.22925963
60.11210070
60.25450596
60.11662298
60.23023217
60.16528978
60.12502689
60.13877633
60.21589578
60.17326993
60.20873541
60.20446843
60.24532772
60.20321504
60.15842993
60.12686741
60.24025237
60.30930952
60.25323785
60.50813989
60.40371980
60.35208022
60.38412867
60.42854852
60.29417989
60.19016426
60.21442776
81.56947187
61.66792498
60.48261965
65.12541772
60.13981159
60.20960257
60.06917357
60.12033291
60.20374863
60.19372759
60.29180057
60.25581809
60.21021552
60.22297580
60.10615928
60.20496765
60.15532783
60.20110698
60.31067367
60.12168109
60.24086098
60.24830074
60.16261315
60.25734037
60.28999509
60.30421054
60.25727711
60.26205167
60.16361033
60.22602615
60.13259422
60.24294280
60.23656941
60.25456652
60.24900413
60.20161704
65.14391089
60.22692496
60.15346448
60.28833267
60.14018026
60.20721409
60.10176337
60.12976259
60.18333328
60.18898898
60.12065093
60.17777215
60.35867046
60.23704509
60.10074185
60.16692607
60.20764141
60.21518491
60.13490020
60.21832078
60.20629635
60.25462111
60.33324337
60.29165365
60.22960226
60.26329309
60.12155789
60.24061411
60.24378983
60.19468139
60.16351839
60.15260074
60.10150878
60.12853135
65.19058591
60.19544039
60.18981711
60.19310013
60.29407526
60.32075811
60.24180520
60.27718115
60.21602015
60.21625504
60.28664391
60.17590285
80.85650057
61.02729739
60.73094961
60.31430820
60.26274917
60.31050413
60.36304133
60.38116800
60.37724267
60.30109270
60.22335328
60.15105946
60.16446341
60.36495691
60.44204246
60.35002115
60.39126365
60.36842207
60.42459798
60.45060143
65.24406693
60.17228928
60.11977546
60.14883689
60.17680591
60.29858020
60.21212143
60.19622841
60.14635335
60.22610828
60.17310070
60.10648385
60.44398346
60.16853504
60.13400187
60.13135072
60.09887724
61.41022985
60.16008478
60.20692928
60.20924265
60.39359789
60.24390939
60.22152535
60.16516720
60.20773091
60.17374102
60.19500420
60.18533846
60.14229296
60.22481591
60.18297126
60.14082820
60.18595009
65.10315239
60.13880789
60.15281602
60.27612048
60.28010337
60.26938337
60.21397037
60.20701935
60.26438809
60.19363333
60.18142420
60.13337776
60.22200154
60.24365485
60.16226459
60.31510537
60.23939309
60.36634248
60.26283796
60.27190317
60.21555100
60.40705324
60.10506222
60.25086359
60.28664848
60.24768959
60.20285685
60.28106343
60.14070746
80.55267939
60.76542539
60.12522683
60.10159367
65.12573109
60.17531985
60.25544972
60.17477983
60.40250330
60.19118933
60.18250937
61.40751796
60.39255350
60.16605889
60.13977457
60.18966930
60.19587341
60.13913800
60.24067257
60.18513963
60.25837167
60.20956787
60.21485504
60.12303748
60.27214700
60.17110872
60.25917928
60.18417813
60.19250111
60.13908300
60.09264776
60.18186648
59.97489696
60.00638989
60.05891228
60.19289076
60.17003546
65.14113511
60.24819126
60.30812572
60.25756041
60.16527274
60.20911128
60.12027509
60.20301661
60.22197726
60.18137141
60.21847787
60.23627246
60.21019589
60.23383896
60.28189846
60.31477948
60.32003041
60.32884198
60.20794291
60.21884507
60.21908976
60.27468313
60.35450226
60.20213472
60.17793739
60.21078354
60.15181989
60.25212183
60.08670533
60.26345187
60.20102930
60.11979315
60.18710930
65.12311091
60.20588939
60.25906367
60.12135815
60.30144222
60.19231254
60.22723607
60.18894691
60.13885322
60.18859563
60.28071048
60.16567798
78.74545959
60.74772141
60.68656687
60.22653424
60.32829317
60.20623809
60.22733117
60.13791822
60.36909900
60.23901111
60.21070233
60.17077343
60.16917439
60.16138639
60.13716793
60.15342946
60.17003254
60.22428628
60.21323352
60.22274876
60.28444867
65.12192122
60.21556624
60.17616076
60.18210657
60.27218374
60.19980507
60.15385767
60.11850661
60.23034693
60.26485015
60.19572311
60.28935985
60.29797778
60.32511522
60.30205522
60.26278928
61.39676978
60.21720207
60.23052139
60.26139341
60.36098885
60.21666217
60.25949752
60.22971885
60.21100459
60.20122063
60.18526620
60.19136398
60.16757657
60.18698935
60.14797457
60.12795478
60.09678443
65.29119302
60.25959611
60.21089041
60.19385459
60.22586709
60.23382235
60.19763204
60.21777652
60.16344335
60.09556243
60.15129952
60.18678539
60.15673911
60.29284511
60.27584789
60.18198526
60.17037817
60.08892413
60.24458674
60.21169717
60.18089667
60.29548080
60.12331913
60.07537280
60.15838959
60.09750591
60.09668796
60.17882363
60.22678548
78.01352970
60.30875685
60.28407565
60.23946963
65.21807911
60.21954487
60.13828139
60.24924900
60.23585589
60.21992796
60.21037328
60.22196785
60.18627254
60.26362185
60.28298730
60.34148430
60.21151057
60.23773817
60.21962517
60.14312678
60.11157578
60.25394543
60.22088546
60.12492302
60.22560243
60.12326848
60.15071774
60.17680520
60.15535441
60.30157389
60.12669561
60.12318130
60.13174670
60.16336615
60.14236163
60.31406470
60.12796035
65.09172174
60.17372309
60.19932096
60.13777120
60.22554293
60.20338530
60.18682715
60.09459454
60.17168065
60.30934089
60.23380933
60.20424541
60.30086574
60.20317209
60.19005765
60.15903426
60.27363391
60.20997891
60.16113052
60.23183026
60.14352783
60.18548143
60.23809680
60.10100728
60.15642652
60.13681657
60.21060161
59.98610052
60.11132167
60.01984865
60.26782596
60.14826591
60.16791220
60.16498289
65.06118791
60.25284596
60.14270887
60.26211928
60.30991624
60.15952717
60.33146930
60.18502859
60.38986441
60.31805048
60.25383248
81.13625472
62.11536678
60.27574017
60.22895689
60.31061907
60.22840839
60.24930717
60.27802185
60.26096915
60.19019704
60.16808980
60.13317341
60.09479246
60.17227324
60.24185791
60.23734374
60.16572713
60.28709493
60.22709880
60.18204946
60.16345333
65.11825178
60.14212226
60.14304433
60.15649343
60.25345672
60.15574213
60.08927898
60.22348011
60.20341922
60.25873289
60.29365143
60.19856741
60.26639200
60.14199378
60.20103167
60.25506211
61.38998339
60.16188461
60.22763367
60.13420011
60.26438650
60.10810278
60.23324365
60.15880280
60.14543713
60.21053187
60.24111654
60.18718417
60.27244870
60.21893463
60.22597124
60.17676650
60.27067533
60.33434770
65.21656007
60.38407117
60.43937846
60.40271707
60.31997559
60.40736883
60.43482224
60.32135867
60.44684252
60.23487120
60.33662339
60.22217802
60.25077254
60.22574954
60.21449796
60.20920328
60.16731674
60.24083191
60.22883789
60.16816343
60.36790087
60.13692685
60.14326037
60.09920154
60.19091863
60.17543917
60.29400380
60.11767730
79.35860096
60.98924770
60.22665622
60.22450326
65.21433237
60.20429376
60.22938152
60.18453807
60.27280811
60.36646789
60.32397902
60.29482359
60.29473437
60.21868561
60.37303393
60.15474476
60.39705241
60.42352278
60.39640396
60.24557089
60.28223478
60.17371552
60.21193043
60.14573267
60.25194296
60.16481276
60.15741374
60.27205848
60.22266865
60.21183061
60.29402928
60.15526067
60.21692411
60.28011648
60.20198985
60.18493933
60.15416224
60.20842415
65.23372361
60.20202796
60.23334243
60.26198446
60.36577626
60.19177578
60.29317637
60.19010024
60.22681985
60.22267089
60.26358004
60.40771107
60.35887550
60.19302417
60.13117872
60.16451120
60.24143274
60.05761867
60.13118213
60.23331004
61.06732741
60.26120635
60.36397800
60.26525083
60.34215193
60.23750689
60.27907433
60.35350002
60.25565378
60.36865737
60.31387670
60.29039504
60.28034800
65.19903611
60.27325798
60.13120954
60.31801461
60.24151646
60.39913509
60.19204900
60.25095613
60.16837128
60.29515426
60.20876970
80.44425126
61.29740357
60.28154780
60.15247713
