73.44104834
61.21929251
61.08535674
61.11125034
60.94506340
60.96250079
60.79790260
60.78846568
60.91277560
60.70205498
60.93823496
60.80420219
60.90422364
60.95465813
62.52045577
60.77591098
61.09208174
60.92795664
60.95998151
60.91249564
60.90435826
69.72819555
60.97297706
60.88912236
60.97028191
60.72216745
60.98341968
60.84052553
60.92728687
60.89811683
60.88654619
60.92589364
60.99449915
61.07049113
61.08885119
61.04261145
61.00854613
61.01081768
60.84159406
60.78722147
60.94032251
60.77526004
60.97825383
60.79855657
60.93487866
60.85839732
60.85736681
60.90403747
60.95522660
60.86686896
60.82025240
60.79114538
60.95574126
60.67450462
68.44283296
60.76531598
60.89060840
60.78967153
61.03464657
60.89726379
81.69993466
61.65522968
60.96926457
60.89172804
60.97141653
60.96896643
60.95251847
60.93463200
61.09218870
64.95891847
60.99259638
64.86548057
61.01346306
60.81295066
60.96355613
60.84612587
60.89198968
60.82173838
60.92471455
60.76670936
60.90550589
61.03829506
61.15065970
61.07455949
61.13007457
60.96322038
68.42888321
60.93260334
61.23558932
60.82450513
60.92791343
60.98343543
60.87985572
60.92136517
60.93855709
60.85937572
60.87974247
60.94561134
60.98641672
60.79101453
61.14724513
60.86137051
60.86808238
60.78626057
60.90431483
60.85050843
60.90891981
60.80625572
60.92554834
60.86073313
60.85059679
60.88885860
61.01173415
60.86116494
60.93147462
60.90678640
60.90594440
60.89852074
60.90129809
69.12443172
60.90758681
61.06562923
60.93702511
60.93463489
61.08506145
60.84000038
60.93674743
60.96918636
61.13426117
60.82828572
61.02512594
60.96898457
61.07481104
60.95261957
60.92827885
60.85037223
60.95239855
60.81195364
60.90073943
60.87617704
60.97233517
84.79090711
61.62304453
60.87594517
60.96111096
60.83834419
61.02970347
60.83639964
61.07661732
61.12031019
61.10145147
61.18324734
70.39210966
60.84019960
61.00754379
60.87610602
60.86415877
60.87992715
60.92650489
60.95983204
60.93419977
60.95898909
60.96610862
60.77316279
60.95821981
60.94330757
60.86843296
60.74218728
60.90941964
60.73848830
60.95660379
60.81604568
60.89091694
60.87946796
60.85407926
60.80817417
60.94407062
62.18851981
60.89090755
60.94122572
60.73682166
60.79296696
60.89086557
60.83241074
70.62095617
60.91724349
61.08411300
60.95173085
61.06390102
60.93615870
60.97251253
60.82556796
60.90593900
60.91404802
60.91848749
60.91110843
61.03435021
60.86937285
60.99170406
60.76971762
60.90975728
60.65573189
60.84891789
60.74133728
60.75377068
60.70603985
60.79199617
60.69771723
60.84486060
60.70042894
60.88184368
61.05629540
61.00524355
60.79185398
61.16034347
61.28096451
61.12105972
70.73963719
61.08757443
61.04876751
60.90275360
60.86760789
80.45997477
63.39364828
63.17714255
62.50862962
60.97390551
60.96856285
61.01073487
60.91619066
60.90070900
60.75195183
60.86702119
60.82523515
61.15070970
61.00162757
61.01331800
60.84435591
60.92414128
60.87381632
61.11927202
60.95061783
60.98410679
60.88929770
60.86186996
60.81158428
60.89894138
60.87568415
60.92246211
60.85704115
70.78714630
60.94903396
61.04065119
60.81110389
60.99236181
60.93268913
61.14271877
60.79467594
60.89397228
60.79194923
61.20468460
60.96300757
60.88452219
60.85505340
60.85059753
60.79951034
60.98352138
60.77081009
60.93458115
60.77222381
60.90788353
60.75711843
60.89065977
60.86006777
61.08640800
61.02407060
61.10562194
60.96258751
60.99177574
60.92724011
60.90136209
60.77035106
70.63621230
60.91032434
60.93789804
60.85433149
60.89340787
60.83837628
60.94568600
60.83441011
60.87015266
60.87940598
61.05533251
60.85879277
60.85988968
60.81289238
60.95874568
60.80272366
60.97021502
60.83142096
61.01767994
60.95698083
60.93297889
80.50173098
61.56016349
61.51678089
61.52413055
60.83708285
60.92476040
60.77672626
60.96803296
60.80758294
61.05715951
60.94328989
61.08226740
70.83561709
61.15520813
60.94675455
61.01650655
60.86507545
60.98190747
61.00058940
61.06279849
61.02165204
60.98896985
61.00841162
60.99627562
60.82973230
60.96502826
60.73020236
60.93555691
60.78521194
60.96457279
60.78592466
60.89824079
60.81638238
61.01788517
60.93567338
61.02976666
62.08847585
60.94998145
60.94401702
60.97601643
60.82551840
60.95725223
60.89600957
61.05226887
70.60690755
60.88446709
60.99033647
60.87851530
60.81318781
60.82109053
60.75034068
61.10801994
60.80874285
60.88861355
60.85914896
60.87826172
60.83939753
61.02132398
60.90507096
61.01462409
60.88385111
62.35189428
60.87731785
60.91169868
60.86737779
60.91919004
60.86467083
60.85992189
60.72229898
60.84552964
60.86190402
61.16622874
61.03430519
61.15255162
60.92463091
61.02504264
60.96077094
70.73877232
60.94046385
61.06893985
60.97236677
61.08350321
81.53919228
60.92824728
60.86425079
60.96749570
60.87156249
60.95354981
60.79589015
60.90707455
60.79868040
60.93658032
61.08047406
61.06773606
60.91620321
61.03115821
60.82562477
60.96547094
60.83663728
60.96323989
60.91645734
60.93587594
60.87045045
61.01015136
60.78842062
60.94512745
60.83167521
60.98878515
60.88827413
60.82786485
70.60103887
61.00973485
60.73285311
60.78520423
60.77327785
60.89863670
60.90480370
60.86968649
60.95321098
60.93039494
60.98363994
60.87551496
60.80056198
60.88136696
60.71104789
60.80906540
60.71931066
60.75446321
60.75570028
60.75707900
60.78913760
60.78221781
60.70109274
60.96362281
60.94047804
61.05705836
60.86544262
60.92345791
60.95398989
60.94831785
60.85868253
61.06346253
70.56392749
60.92852517
60.93859079
60.99692389
60.93475723
61.02222500
60.88377083
60.98956266
60.98231430
60.97090040
60.95720685
60.96576213
60.77587532
61.01712409
60.74703774
60.96644649
60.80748526
60.90689745
60.80377377
60.97937074
60.90609338
81.20221174
63.14283385
60.90132470
60.87557172
61.00422617
60.98904591
60.90779428
60.98925023
61.04554236
60.91755164
60.89740921
60.92737632
70.79333364
61.14646106
60.93977785
60.84315098
60.97755381
60.87379698
61.01977211
61.06549551
60.98342309
60.98317098
60.93813432
60.94724079
61.03935728
60.83736028
60.95537609
60.94595406
60.99660349
60.79116096
60.92583396
60.87702166
60.95142932
60.93344972
61.03005043
61.03719543
62.59188404
60.88587868
61.36211909
60.94263964
60.98777017
60.98507674
61.09518111
60.92129653
60.94781115
70.52233843
61.09483649
60.89792255
61.01201249
60.92444109
60.99279379
60.95377513
61.02241255
60.85794894
61.09011260
60.80608091
60.99870049
60.79576445
60.88625211
60.75002338
60.84110430
60.67836502
60.97571162
60.77002730
60.85653406
60.75560672
60.79284247
60.79594466
60.88015628
60.72814621
60.93507338
60.83532696
60.85622915
61.00288245
61.00349462
60.83397094
60.89615847
70.70764823
61.03344919
60.96648630
60.89707111
79.70306455
63.94634277
64.38705936
62.76840630
60.87575862
61.05264460
60.81303228
60.91472930
60.89864600
60.91340740
60.90977151
60.95023228
60.90966691
60.94032009
60.87187523
60.84885370
60.84996417
60.91797215
60.92096438
60.94850160
60.82545143
60.98858709
61.08499219
61.14218260
61.01386245
61.08691943
60.81454626
60.90313272
60.88619413
70.75049268
61.01552230
60.99138477
62.14271138
61.19977068
60.89486226
60.84892664
60.78242964
60.85931555
60.85819677
60.95058783
60.81495053
61.06227666
60.79817626
60.86538072
60.76545623
60.95472430
60.78503477
61.01354874
60.80419834
60.90846353
60.87057953
60.97666000
60.77718555
61.02372734
60.85022974
60.97239206
61.06701840
61.04498632
60.99838145
61.00947870
60.93522130
70.71095474
60.97830643
61.06602002
60.86074206
60.98982521
60.94315070
60.88535872
60.77225666
60.87104066
60.86840174
61.17315379
60.91735294
61.06053311
60.88876596
60.92487460
60.85039587
60.91295262
60.84069251
61.01095966
60.85635460
70.97843306
72.48582434
62.52719187
60.76632447
60.86811174
60.82548570
61.23075813
61.02918130
61.10393891
61.04465896
60.95381017
60.91702940
61.01772598
70.69909091
60.94027800
60.80729172
60.94588181
60.86457853
61.08504251
60.81338470
61.09061091
60.89712447
61.18815719
60.99960626
61.22474494
61.11665700
61.06906251
61.13726179
61.05856634
61.07880338
61.19792460
61.01058819
61.02850389
60.94137764
61.04793634
60.80441966
62.19470009
60.98160423
61.16289760
61.14637653
61.08469415
61.13713091
61.11937400
61.01171217
60.88160766
65.58126394
65.91167887
60.72660311
60.84669685
60.85353770
60.82684653
60.69413123
60.90646296
60.80983440
60.95662687
60.80100896
61.01454081
60.91287636
60.98413396
60.86725026
60.99638038
60.92218521
60.98972464
60.92407968
61.06984268
60.92102774
60.86391764
60.78902053
60.94504455
60.99551362
61.01060068
61.16511655
61.07693626
61.04721960
61.05998236
60.90325411
60.95533057
60.82059383
70.71963426
60.92203000
60.95526947
60.86426623
85.21160823
62.95273677
62.73933491
60.87796713
60.92831883
60.78955381
60.94918813
60.77445753
60.97486943
60.77246294
60.92618253
60.88205281
60.96214815
60.87866760
60.91444685
60.98751404
60.94408830
60.86893000
61.04298877
60.87690606
60.95732653
60.97326934
60.90420564
60.89122804
61.05838526
60.85266615
60.88620006
60.79508581
65.62734962
65.95771109
60.85532223
60.84681066
60.79048987
60.71437974
60.84686998
60.75024932
61.01053117
60.95780951
61.02339706
61.03238543
61.09646553
60.96397343
61.07846326
61.02140979
61.05167743
60.86371774
60.86539519
60.94170219
60.94877417
60.87886006
60.92637194
60.85333113
61.00902162
60.92935347
61.12201349
60.98024991
61.03025319
60.89445996
61.01904400
60.92467687
60.99083155
70.48634340
61.14660268
60.96868557
60.94571900
60.81023170
60.98066385
60.86065121
60.93320802
60.75147311
60.98787209
60.80166117
60.93907643
60.87747243
61.05928498
61.00168155
60.93164015
60.86844909
60.86261474
60.94141749
61.00540126
81.02281406
60.95999262
60.79006132
61.00593309
60.84105972
60.92457730
60.89940164
60.99227298
60.86512898
60.89968587
60.84656628
61.01278991
60.86159868
70.72587317
60.91392962
60.92725579
60.75796649
60.92343500
60.93072581
61.06071615
61.04950483
61.20733026
60.99942619
61.16387228
60.90205966
60.91313804
60.90158245
60.88226664
60.71478447
60.92742189
60.92199432
60.92412409
60.87070249
61.02525111
60.95972504
61.11583928
62.36275587
61.27558447
61.29304836
61.15473651
61.00630826
61.23082504
61.05651053
61.07668800
60.91672853
70.55954455
61.16516143
60.88042806
60.76681387
60.85427868
60.79255670
60.92439772
61.02247689
60.80369304
60.88826426
60.83993368
60.79766621
61.00021028
60.82094404
61.03174966
60.85239304
60.92567513
60.86516468
61.04304381
60.86911085
60.89554783
60.80100787
60.99429351
60.84867551
60.88011455
61.11228523
61.08644896
61.10719519
61.20498506
61.07290047
60.95343800
60.83369436
60.98428568
70.57926002
61.03142209
60.83416426
81.25147981
63.41843543
64.03787477
62.03300623
60.93966085
60.94111517
60.93044234
60.90408247
61.09252279
60.76528736
60.93285945
60.83672223
60.97872372
60.78224260
61.65146174
60.71121757
60.90874360
60.82867366
60.91633964
60.90323689
61.08333617
60.90915611
61.07055819
60.90011749
60.98108136
60.92917581
61.04437023
60.79975587
60.91850606
65.61578643
66.17421581
60.65174164
60.86710774
60.73298938
60.88123009
60.81475789
60.99060462
60.86516983
61.05747128
60.77393736
60.95437736
60.98250472
60.97021311
60.94606160
60.93653294
60.84920321
60.92891394
60.85075834
60.97044898
60.78681938
60.98027474
60.88167747
60.92696532
60.93745600
60.96062970
60.87042132
60.89203847
60.89354249
60.92596187
60.83668960
60.88021553
60.88911355
70.60024189
60.97462798
60.87466770
60.88067136
60.95847432
60.82731770
60.87336423
60.88158523
60.96441570
60.83810796
60.99699083
60.86988670
60.96581621
61.04980187
61.12052066
61.12063100
61.11773328
61.07037423
61.19093366
82.24055945
62.54648179
60.99373260
61.26541919
61.05313247
61.17891679
61.13806809
61.05987160
60.91874777
60.96342715
60.84030600
60.96235221
61.00135202
60.89385189
70.68358843
60.98398706
60.74973285
60.96151155
60.89163540
60.91525021
60.84429023
60.91710694
60.84635502
61.03565636
60.91343487
61.02864272
60.83161268
60.91584791
60.91480123
61.16532636
60.98224072
61.00321206
60.89616502
60.98284013
60.95411572
60.88361130
62.16927355
60.94918857
60.90387130
61.04789409
61.52156921
61.15278762
61.00633409
60.92551126
60.88725896
60.83371857
75.64325081
