65.70464894
61.46294725
61.19194296
61.04609054
61.05006810
61.07213696
61.08605669
70.98292942
61.17321758
61.04056800
61.22783698
61.32152698
61.12835798
61.05395206
60.93117273
61.01831075
61.28342469
61.06028329
69.71526938
69.48983544
61.97305631
61.70617135
61.07188237
61.09123756
61.19429450
61.25521425
61.16541560
61.01936769
61.10424285
61.08703217
61.19433852
61.27702175
61.15497433
60.91730721
61.04537827
61.02037344
60.92711060
60.97074802
60.96698354
69.71823919
61.21284175
61.18817306
61.03474338
61.18942258
61.03625881
61.15844658
61.16764744
61.02328744
61.14161683
61.09579652
61.13651425
61.11227688
60.99873775
61.02947427
62.44109458
60.94624512
61.23949896
61.14199056
61.23538198
61.30080548
61.21742244
61.29705148
61.26102648
60.98135350
61.04498285
60.98216054
61.14441840
61.03855771
61.11671423
61.06994996
61.12937204
61.06445806
69.34824960
61.08424375
61.22201821
60.90891625
61.17935017
61.04991523
60.92772510
61.06710319
61.07539258
60.97109288
60.98123579
61.05068531
60.97373052
61.07134165
60.95263394
61.12512985
61.13648677
61.39748702
61.12159731
61.13827731
61.19049944
61.07599560
61.07053983
61.02882346
61.12117375
61.10771423
61.12649879
60.88433273
79.85837654
62.30981031
61.39145771
61.15956669
61.11938985
70.46394485
61.07296585
60.98226298
61.19611931
61.17598650
61.18424240
61.26509667
61.27937965
61.21499202
61.14856877
61.07278250
60.98153500
61.02807696
61.26236335
61.14939942
61.15690333
61.18124752
61.13701763
61.15726744
61.19940081
60.91245885
61.01443115
60.98855667
61.09399319
61.11388658
61.22833850
61.03311221
61.14911902
60.93619417
61.02542762
61.18327338
62.65637844
70.89718340
61.07223304
61.15951158
61.16488577
61.06647594
61.13284471
61.09431260
61.12057125
60.99055665
60.96504123
60.92992956
61.04403425
61.00274373
61.09240642
61.04077652
61.14528450
61.04746258
61.19322981
60.92752375
61.11060252
61.11537454
61.13784940
61.02427467
61.09459360
60.98919798
61.30287925
60.99440788
61.17116421
61.01596648
61.06532719
60.94603767
61.07172056
61.13025165
70.84231073
60.97860831
61.19354085
61.08137973
60.96426977
61.07080800
61.10046446
61.07400756
61.05778677
60.96168171
60.97940975
81.67646715
62.35317937
61.10591333
61.06557637
60.96617098
61.08183588
61.17209592
61.08427835
61.17306271
61.12676258
61.09237019
61.24441896
61.16653808
61.14274877
60.91046992
60.98188333
61.00841492
60.99654746
61.00323579
60.97217915
61.01512402
71.16915735
61.02268446
61.20179415
61.12490877
61.14006448
61.08157981
61.14426154
61.12629169
61.18297508
61.16106265
61.17189781
61.14980242
61.13870021
61.12313192
61.02148371
62.29140483
61.20838127
61.03525969
61.15597810
61.21008002
61.06769154
61.15332702
61.15957263
61.09538548
61.12969600
61.06147673
61.13387708
60.95648452
60.98644504
60.96062081
60.96503552
61.00372175
61.09329010
70.75119331
61.13052527
61.07053050
61.22225285
61.03797683
60.95438321
61.08119327
61.11571204
61.18967312
61.03343085
60.90509685
60.97735892
60.89766704
60.98875810
60.91754017
61.10063171
61.16031596
60.92254356
61.00198685
61.17679904
61.26136117
60.98396075
60.90742860
61.08369415
60.90015085
61.08330029
61.33365915
82.53851217
62.61420658
62.49689263
61.33640935
61.11440942
70.89880246
61.03821242
61.09161640
61.06796929
61.07016781
61.22877325
61.11694640
61.15940829
61.13472242
61.16225038
61.16237977
61.03002296
61.04389144
61.17116183
61.07816437
61.14443715
61.03225225
60.98449402
61.09949479
61.15806352
60.93388442
60.97046756
60.97580281
61.01751021
61.07451210
60.98660085
61.07627823
61.11784696
61.07959048
60.99037640
60.93819967
62.25383142
60.94771444
70.92960737
61.14555975
61.06077794
60.98904779
61.13841833
61.12503638
61.09245281
61.11181669
61.13810098
60.94004717
61.08355260
60.99141890
61.08835392
61.00803385
61.11780483
61.06768537
61.10049577
60.90680894
60.98000644
61.13264860
61.15812950
61.05472560
61.17057388
61.04719233
61.13286154
61.15011210
61.12299827
61.10244190
60.97100502
61.02554015
60.95886971
61.00588983
70.82868794
61.10706912
61.16036362
61.21770560
61.12558302
60.93573783
61.13472669
61.06341758
61.11614492
61.11180921
60.99550183
80.61650521
61.77340915
61.06537363
61.11217423
61.07482940
61.09699681
60.98571096
60.97018381
61.03185202
61.08047031
61.05780202
61.07503275
60.99730379
61.10477519
61.13113133
61.05864342
61.09921677
61.08949171
61.19483715
61.11930229
61.10352760
61.19945181
70.80926040
61.20881333
61.15705585
61.14830158
60.97570010
60.98154825
61.06083175
61.14411562
61.08789963
61.16290579
61.17149856
61.13208690
61.18195117
60.98159398
62.24568204
60.99566269
61.07150269
61.12400173
61.07715344
61.16834854
61.05301548
61.15944567
61.01090275
61.10097042
61.07419433
60.96196263
60.92784310
61.01417056
61.04090579
61.08548613
60.95124135
61.11545942
65.90746469
66.12133031
61.12657023
61.06358408
60.89347748
61.06603335
60.98510150
60.95726471
60.99223958
61.04929475
60.86475565
61.07310408
60.87586785
60.92644896
61.01436858
61.06316471
61.06193438
61.01800569
61.00675090
61.13740885
61.09816988
61.08278173
60.98308783
60.99571563
61.10511973
60.98471794
60.99429923
81.32694594
62.17479973
61.38849063
60.98985029
60.95457021
61.10444540
70.95938275
61.12605254
61.05627121
61.01263165
61.04959681
61.03071031
60.99980721
60.91213085
60.96261129
60.96719660
61.06222085
61.02928215
61.01352138
60.99414317
61.06136192
61.09415144
61.09329933
61.12447173
61.10537906
60.96784975
61.00835148
61.01076660
60.94527702
60.92458087
61.16678371
60.87030669
61.06149196
61.00291435
61.10160977
61.03558231
62.33085227
60.97705127
61.03755106
70.77577165
61.01383340
61.06479988
60.90829142
61.07123844
61.11927585
60.85590658
61.04915890
61.03007577
60.97399931
60.98362583
61.36168756
60.89613117
61.12176742
62.49430081
61.01305577
60.95736635
60.93933835
61.18270327
61.14585598
60.96581356
61.07399300
60.97809892
61.04911821
60.86897425
60.98233842
60.91210194
60.95931475
60.90905177
60.95376598
60.91562585
61.00517248
70.59518794
61.01955471
61.03984494
61.06259800
61.06986356
61.06179973
60.99023817
61.01724108
60.88794156
61.07992788
80.85059433
63.13747027
60.98040867
61.02153229
60.99558125
61.18940206
60.97368244
61.06963231
61.06280063
61.06063050
60.85954981
60.94824556
61.08442081
61.08731231
61.03142056
60.92996617
61.01838117
61.03497508
61.05751002
61.03730706
60.85840235
61.02178756
60.92066683
70.75659271
61.05537852
61.07222321
60.97605635
61.02760352
60.87379102
61.03852044
60.97931858
61.03744148
61.04526652
60.99040554
61.02230556
61.04420131
62.29234423
61.21700417
61.02574402
60.94735850
61.05911535
61.14370281
60.98052185
61.01949617
60.94596023
61.04308994
61.03061435
61.06890837
60.95655123
60.97826440
61.03171554
61.07161552
60.93506298
60.97214673
61.14882304
70.81032037
61.08321110
61.16306094
60.89150744
61.01428787
61.05089710
61.09492831
60.93503410
60.99832294
61.01424292
60.96326215
61.03656538
61.06808908
61.03206006
61.09979492
61.03836169
61.05330433
61.04987333
61.14900150
61.12026094
61.22006165
60.95129542
61.00484881
60.94239240
61.17580979
61.07260092
78.62318406
62.61548935
62.42587579
62.74983529
61.40166094
60.94447015
61.05826258
71.02452462
61.23341131
61.13388048
61.08996052
60.93405617
61.13264910
60.94809754
61.22039125
61.13334885
61.09572852
60.94891056
61.17390419
61.06202056
61.07351365
60.99353188
61.04701833
61.05365069
61.11506673
61.10834910
61.01899508
61.07015327
61.09318537
61.11987200
61.12205927
60.96176621
61.03246252
61.06825058
61.14391700
61.11204533
62.15442910
61.07483423
61.07330083
70.71638625
61.11860796
60.97997858
60.99083708
60.92779944
61.08916185
61.04718279
61.30295567
61.02865467
61.12278675
61.02419383
61.20410202
61.05832633
61.05144169
61.08163656
61.18969202
61.04921183
61.00524025
60.97198098
61.12555104
61.09634327
61.10804135
61.11568421
61.09828883
60.94321429
61.12180629
61.06460877
60.96484527
61.10128352
60.96393204
60.96581737
60.97955519
61.13876133
70.74874733
61.04715525
61.05154810
60.92131467
60.99779467
60.91073125
61.00428994
60.97612117
61.01762227
80.75892194
61.79951654
61.72533306
61.45808081
61.08764660
61.00666160
61.13883921
61.02937644
60.94612098
61.10398448
60.95743146
61.02363465
61.11509046
61.00729469
61.11157494
61.01295098
61.22460396
60.99206456
61.09983258
61.10189510
61.05273654
61.09382929
61.14765098
70.71217467
61.21748492
61.06145942
61.04078185
61.11022556
60.94120854
61.01618633
61.09400419
61.10462608
61.10882710
61.08173608
61.03313556
61.10904331
62.33707229
61.13871167
61.12102985
61.06192173
61.01916104
61.19274140
60.89144238
60.98089163
61.02949615
61.04030525
60.90346602
61.08372525
61.07450790
60.99262213
60.93070877
61.12177825
60.94648492
61.13110835
61.14863442
61.18861823
70.67562248
61.25940379
60.91572035
61.08047365
61.05226029
61.33408723
61.05878463
60.99718823
60.91201173
61.02347933
60.91462271
61.08568840
61.04934354
61.07886450
61.06269758
61.21493558
60.96085315
61.03480104
61.15260440
61.27570469
61.05192742
61.14655900
61.09556735
61.15169342
61.14525385
72.32187017
70.81448206
61.41905244
61.04468138
61.12777944
61.15961267
61.08765763
70.74256979
61.06897775
61.07514102
61.01095358
61.16941496
61.25046910
61.22563992
61.09965398
61.06593077
61.08985488
60.92319544
61.05063008
61.05551460
61.20766475
61.04902298
61.20873133
61.03298737
61.15786269
61.15051098
61.10527977
61.03238085
61.08088962
61.20138123
61.24481087
61.16305354
61.06378558
61.00714844
60.94487527
61.05389102
62.08287188
61.10713223
61.90070094
61.10445998
70.80558831
61.11147454
61.06551129
60.88966954
61.08274294
61.03370212
61.09486569
61.04913000
61.11486356
60.94377321
60.91753331
61.01433208
61.06007727
61.06255727
60.91637027
60.98319619
60.96762206
60.92340485
61.03105540
61.12108088
61.08771727
61.06699931
61.10775065
61.04365112
61.08919015
61.05709856
60.96718585
60.98641410
60.97781910
61.07465054
61.07577665
61.00434115
60.97754883
70.80452317
61.16670642
61.22459860
61.11151837
61.05409592
61.13875050
61.10843796
61.08687821
72.44404685
69.01215679
61.55907992
60.98168665
61.10380462
61.12080646
61.16393719
61.18687483
60.95370858
61.22110960
60.93399437
60.96979794
61.11926144
60.94193023
61.02203715
60.93166842
61.03885419
60.96810806
61.06236879
61.30275375
61.06345202
61.08511775
61.17625302
61.14147579
71.04347846
61.24241071
60.89884173
61.08095754
60.92392200
61.09868631
61.03720960
61.08520252
60.97589202
61.11163188
61.02467021
60.95726183
62.29104538
61.07417698
61.09199283
61.13081204
61.04629477
61.06110408
61.01552000
61.07763352
61.05116310
60.94337950
61.05969606
61.24431779
61.07036985
61.21707154
60.92090892
61.12776471
61.06834119
61.13400231
60.93956810
61.11860123
61.07347602
70.92263596
60.99814225
61.17121527
61.07184019
61.13666229
61.11296525
61.72864719
60.97744669
60.99450312
61.00042921
61.05130546
61.07897408
61.14124913
61.09796560
61.18611508
61.09232367
61.06549273
61.41207285
61.24917944
61.08654460
61.11028379
60.95055717
61.09265040
61.05291200
61.09971158
80.65347000
61.31751592
60.96339252
61.10278515
61.04376827
61.17690496
61.08024469
70.97577369
61.11461206
60.97277187
60.93263790
61.14320533
60.92805946
61.12443344
61.18780027
61.04681246
60.91265681
60.94483542
61.11140460
61.07861987
60.88259242
61.15746056
61.04663506
61.04652221
61.10150756
61.10647129
60.90495027
60.98631894
61.07726435
61.09959996
61.10760983
61.13834113
61.01488127
61.12660481
61.13120650
61.09653808
62.16674223
61.10452444
61.07705421
61.14153746
70.87844710
61.13860152
61.06415162
61.11599656
61.06238192
61.06755508
61.13572090
61.10966060
60.91387650
60.99131515
61.03982852
61.11043792
61.05183433
60.96157781
61.14784485
61.10055479
61.06819465
61.02956933
60.97902737
60.95758094
61.02967758
60.94649592
60.89236585
60.95766073
61.05197360
60.98627821
61.04699619
61.07670015
61.05636917
61.11146471
61.12964746
60.92426502
70.76335365
61.01006371
60.99261473
60.95184073
61.05376173
61.10529102
60.92330308
61.12324271
60.92975500
80.90902746
62.04713692
61.07440417
61.02159654
60.96518760
61.12788538
61.05698890
61.04232167
