5.72780400
4.71341480
4.53682640
4.51365480
4.49467760
4.49354420
4.53150340
4.49880620
4.52453780
4.51733120
4.51120740
4.51009800
4.51707880
4.49994980
4.51755100
4.51577340
4.49224260
4.50610640
4.51607000
4.50440840
4.50118820
4.50489900
4.52548400
4.49773360
4.49181860
4.49636100
4.48996180
4.50346380
4.50214640
4.51934140
4.51339860
4.48579140
4.49553620
4.48919480
4.49844740
4.47122760
4.49404720
4.49882020
4.51294480
4.49699800
4.52255760
4.50809920
4.50103200
4.53261120
4.50821200
4.52314460
4.51714560
4.51193900
4.51357000
4.50394780
4.52032600
4.53441980
4.50199420
4.50967280
4.51750060
4.53726240
4.53086840
4.53607560
4.51692780
4.51130180
4.51758300
4.50964440
4.49246880
4.50688380
4.49873880
4.50839960
4.50538440
4.49084340
4.48335220
4.50213260
4.48993640
4.49856620
4.50612120
4.48819640
4.53178920
4.49983180
4.52177820
4.49815240
4.50220880
4.49757000
4.50070040
4.50282580
4.51984240
4.48648700
4.49835540
4.50982580
4.48887280
4.48714980
4.52218240
4.49544340
4.49701220
4.48422940
4.49416500
4.50702680
4.50164160
4.50916360
4.46440880
4.51240520
4.52385980
4.52486560
4.48448780
4.49564480
4.48605340
4.51006760
4.46962480
4.49204860
4.51018000
4.50227800
4.51657780
4.53282520
4.53648320
4.53327800
4.51124100
4.50399440
4.50755260
4.54558480
4.50946620
4.51558160
4.54285000
4.50385520
4.49847520
4.51604580
4.53175020
4.51362480
4.51438000
4.52473080
4.51269060
4.48433220
4.54269400
4.52480260
4.50873220
4.51543020
4.51974920
4.49318260
4.52514080
4.50231640
4.50345500
4.51311360
4.52770800
4.49690440
4.51037660
4.48318180
4.51167400
4.50900260
4.48755060
4.49026760
4.52773880
4.49325700
4.49679620
4.51110400
4.50235340
4.52805380
4.49385440
4.50789420
4.50827600
4.49373380
4.50967540
4.49656960
4.51245420
4.51572900
4.50568420
4.49860160
4.47000360
4.47359800
4.49988340
4.49430860
4.50517140
4.49063260
4.46926080
4.49267840
4.48640600
4.46034660
4.47993200
4.48603740
4.47755020
4.49219720
4.50198340
4.48350260
4.52047360
4.50219220
4.51869720
4.51234440
4.52896340
4.52911380
4.53928200
4.53149280
4.53391120
4.55335720
4.49716940
4.50157960
4.50728560
4.52323900
4.50113800
4.48165740
4.49817000
4.50963800
4.48023520
4.50544700
4.52778820
4.50104820
4.50714940
4.50488360
4.49257200
4.53020400
4.51421500
4.51768860
4.49484480
4.49088000
4.51388040
4.50027520
4.53530420
4.48917240
4.47749240
4.49823280
4.49344760
4.50641420
4.50477800
4.49601900
4.50383560
4.52456080
4.48995420
4.49032460
4.50998280
4.48270300
4.49889100
4.49103920
4.51116160
4.51476220
4.48730300
4.48511040
4.51328700
4.49625940
4.49979080
4.50894720
4.53461460
4.49061640
4.51275380
4.51893800
4.51711560
4.51620140
4.50605600
4.51497720
4.50612680
4.54040240
4.52341840
4.52015460
4.51524740
4.50676200
4.54762840
4.50860260
4.51417660
4.51174780
4.50214520
4.52403560
4.51130020
4.49615680
4.49789640
4.51335920
4.49767440
4.50853800
4.51114420
4.48196200
4.51464780
4.51823860
4.50479740
4.48482340
4.52372460
4.49340680
4.53872420
4.48363380
4.49398340
4.53672600
4.50262380
4.48466260
4.50320540
4.49088200
4.51115920
4.50772280
4.49441180
4.48291360
4.49599360
4.49434480
4.52348300
4.50473160
4.49374280
4.48876460
4.49386540
4.51628420
4.49230620
4.49908740
4.48636340
4.49752840
4.49001560
4.48634040
4.51375820
4.49051600
4.53270440
4.50465480
4.53641220
4.49641320
4.53403280
4.51236660
4.52332400
4.53537080
4.49704880
4.52424460
4.52363980
4.51503500
4.50317720
4.50585680
4.54276520
4.50265120
4.51931940
4.51945440
4.53994660
4.52448060
4.51100340
4.49980560
4.51592220
4.50297780
4.49449640
4.49869020
4.49848240
4.50526420
4.51099720
4.50796840
4.52139140
4.51283420
4.50280340
4.50347260
4.53291680
4.53636020
4.51398840
4.52868920
4.52643520
4.51858160
4.50178480
4.51267980
4.51370380
4.49561260
4.49431480
4.53373040
4.50958160
4.51769820
4.51388120
4.51176420
4.50961360
4.50345180
4.53901600
4.51200760
4.51828700
4.54370460
4.52750340
4.51792140
4.50004760
4.50648880
4.50206760
4.51963740
4.50178780
4.50750800
4.52169440
4.49823780
4.50342700
4.49126620
4.51816460
4.52450080
4.50923920
4.51052580
4.52234160
4.52833760
4.51859360
4.51150060
4.50749980
4.51607120
4.53181820
4.51735340
4.53575760
4.52605660
4.52459180
4.50718920
4.49521680
4.54166660
4.51052300
4.52130000
4.50110520
4.49822760
4.49835020
4.48449920
4.51201140
4.52810700
4.51651580
4.53335400
4.51728280
4.51866220
4.52982460
4.51731240
4.52176300
4.51031860
4.53296900
4.51579860
4.51598500
4.51797760
4.52481100
4.53005720
4.51486600
4.50766520
4.53247180
4.49629560
4.51309860
4.48164340
4.52078580
4.53085600
4.49581020
4.50229960
4.50165160
4.51422240
4.49964940
4.48386120
4.50823300
4.49795580
4.49825660
4.50182840
4.48864260
4.51356040
4.50304160
4.50389080
4.51323420
4.51083740
4.52555820
4.51012460
4.51676220
4.52059740
4.51999980
4.51233700
4.50573080
4.49699700
4.51527480
4.50904200
4.53132620
4.52425160
4.51907420
4.55147760
4.51739220
4.52499200
4.48980100
4.49858960
4.52795720
4.53182920
4.53328200
4.52060380
4.50302200
4.53248260
4.52460000
4.50914940
4.51304760
4.51912360
4.52452120
4.51130480
4.49589260
4.55647600
4.52124060
4.52360440
4.52194720
4.49611720
4.51610940
4.48781980
4.50308780
4.49331340
4.50661060
4.51312320
4.51806800
4.49255720
4.50414420
4.50581460
4.50218980
4.46581880
4.49613220
4.47542000
4.46631620
4.49893340
4.48255340
4.46360640
4.48440200
4.47915520
4.44620260
4.45845440
4.46531440
4.45967120
4.49931620
4.48841860
4.50181280
4.49381080
4.55662540
4.53364060
4.53083460
4.53372820
4.52026680
4.50105720
4.54828620
4.48069520
4.51695620
4.51274720
4.51556280
4.53994480
4.52518360
4.50436460
4.52662780
4.52482260
4.52314240
4.48598000
4.53490120
4.51249780
4.51055140
4.49175960
4.49897680
4.50540160
4.51206480
4.51217660
4.51568940
4.51571600
4.51823740
4.50442700
4.52019660
4.50036020
4.51219680
4.48337560
4.50865360
4.52204800
4.49426240
4.48866820
4.50686620
4.48668320
4.50407800
4.50355860
4.50966820
4.50564840
4.48062460
4.48497560
4.49133660
4.47131380
4.47755800
4.45880440
4.50031940
4.50755960
4.49751140
4.51104240
4.49502920
4.49210700
4.49870140
4.49100340
4.52691840
4.48518500
4.49791520
4.49105860
4.51602240
4.53204520
4.52877020
4.51742140
4.52349660
4.56385580
4.50880940
4.50973680
4.52263440
4.52463640
4.50454020
4.50287480
4.51611520
4.51017080
4.52744620
4.52165920
4.53253400
4.49948560
4.48866360
4.52083980
4.49895180
4.48338420
4.49740480
4.51481960
4.48995520
4.51486760
4.49443480
4.50041640
4.51686120
4.49293780
4.49106400
4.50118860
4.50622640
4.50419740
4.50172480
4.50935480
4.51397720
4.52832540
4.50785960
4.49513200
4.51160380
4.49983520
4.48743180
4.50990780
4.51578060
4.50860320
4.51081920
4.50353000
4.50090180
4.49562800
4.50208580
4.50208220
4.50642000
4.50159400
4.48010860
4.50053800
4.51059200
4.48389440
4.49654580
4.48280620
4.49390120
4.50504460
4.49195140
4.49125300
4.52440740
4.49746240
4.50459860
4.52485120
4.51446180
4.49828660
4.54530900
4.51507400
4.52395060
4.51766280
4.50863280
4.54619380
4.52623720
4.53102200
4.52091160
4.52096520
4.52468240
4.47879220
4.52408460
4.49966240
4.51728520
4.50797980
4.49457400
4.48632580
4.51075840
4.47269720
4.51185560
4.49041140
4.49667580
4.46963320
4.53413000
4.50504220
4.51571340
4.49453420
4.49362120
4.48405200
4.50717220
4.50820460
4.50280080
4.50633440
4.51378200
4.47061100
4.50043160
4.49633960
4.51029000
4.48460700
4.50381600
4.48287640
4.48874540
4.48140980
4.51418620
4.49466500
4.49923620
4.50036360
4.49030200
4.49605100
4.47271960
4.45955200
4.48963580
4.43856000
4.48780180
4.47262160
4.47193220
4.47747500
4.49739900
4.48588280
4.48323020
4.48579000
4.50205320
4.51352620
4.52629600
4.52308580
4.50834140
4.53720000
4.50444980
4.52636780
4.53519000
4.51531700
4.52807480
4.52322400
4.51721240
4.49571120
4.50376960
4.50213180
4.51653160
4.50732960
4.49642680
4.51875140
4.49741060
4.49825300
4.51016700
4.50544280
4.48009420
4.50840380
4.50952240
4.50820720
4.51304980
4.48659600
4.53103720
4.48746260
4.54374240
4.52040880
4.51449680
4.49901160
4.49506060
4.47696820
4.49617000
4.50013060
4.51735140
4.49179920
4.49683760
4.51793260
4.49219760
4.50309880
4.48843820
4.50259820
4.49666260
4.50414920
4.51957520
4.49976140
4.51546760
4.53160000
4.52110480
4.50471700
4.50025880
4.47540880
4.54634660
4.52729960
4.52774900
4.49913480
4.49966700
4.52499180
4.49879500
4.52269780
4.51630900
4.49018820
4.51484160
4.54007540
4.52687540
4.56928340
4.53387360
4.54797980
4.52157380
4.53368960
4.52147540
4.51608940
4.52393220
4.53316520
4.53909420
4.51797500
4.52346900
4.53148420
4.50815200
4.50726660
4.53605100
4.52293780
4.53064540
4.52573500
4.51694340
4.52021480
4.51630320
4.52553860
4.50602240
4.51922860
4.54299400
4.52920440
4.53103220
4.52882280
4.52860700
4.51581960
4.50295100
4.50314940
4.48427520
4.49692960
4.51913580
4.51218260
4.52164720
4.48894740
4.48040240
4.51347420
4.52196640
4.54542320
4.52030240
4.52115140
4.51259800
4.50181640
4.53748620
4.53775960
4.49103620
4.50050480
4.52863420
4.52245700
4.52131760
4.53371580
4.50481720
4.53710460
4.52361720
4.54977520
4.53617360
4.51724240
4.54179160
4.52995520
4.54078020
4.52261340
4.51207520
4.52481420
4.54612060
4.53419360
4.52336060
4.52893280
4.48578040
4.48144100
4.50321220
4.50087360
4.47109180
4.47386560
4.52667220
4.50890300
4.52594260
4.50991940
4.51555160
4.48975360
4.48367940
4.54669560
4.51815640
4.50679900
4.53244380
4.49783380
4.48775260
4.53190580
4.49984680
4.49587080
4.50831620
4.51010380
4.51103200
4.50344780
4.50960220
4.49662900
4.50340160
4.49481680
4.50571000
4.50675540
4.49858240
4.49245640
4.50553000
4.52595780
4.50262700
4.51140380
4.50198320
4.49158920
4.48839760
4.51920760
4.50164720
4.51780980
4.51404960
4.50218460
4.51644540
4.51515220
4.52625040
4.52873240
4.51805720
4.50624840
4.50440780
4.50302240
4.53832240
4.51108600
4.49976280
4.51886980
4.50998680
4.51414160
4.53580340
4.52196540
4.53140360
4.52113120
4.49367620
4.48902740
4.49095820
4.48729940
4.48986940
4.48460200
4.48449480
4.48375720
4.51292340
4.51280820
4.52861080
4.51802340
4.51978760
4.50361280
4.52620920
4.46217000
4.52349980
4.50559480
4.50160420
4.49818580
4.50617100
4.46884640
4.51411080
4.49415180
4.50501860
4.49621280
4.48891420
4.50104420
4.51831960
4.49369920
4.50365020
4.49389120
4.49982420
4.50904740
4.49098480
4.50752540
4.49552200
4.49512560
4.50401340
4.48251040
4.49685680
4.50144060
4.50510400
4.51600480
4.50764140
4.50196540
4.48935840
4.51864920
4.52417600
4.49464460
4.51569380
4.49964360
4.52096920
4.50192940
4.53383500
4.50437340
4.49570260
4.50046280
4.52944960
4.50067300
4.51561820
4.50791540
4.53431740
4.52207640
4.49352540
4.51894660
4.53446320
4.51266400
4.48552280
4.51816920
4.49412420
4.51105460
4.50061380
4.49475140
4.50785220
4.49864520
4.51785680
4.51099720
4.51069720
4.51201700
4.50118100
4.48033280
4.54863480
4.57190520
4.54099600
4.53314920
4.57114260
4.54214620
4.50458520
4.53583800
4.54244520
4.51780260
4.50881980
4.51147700
4.52563920
4.52584460
4.51980020
4.52279340
4.52286060
4.52645340
4.50665400
4.51179880
4.51526560
4.49888660
4.50583940
4.50526100
4.51549900
4.51076400
