7.55432600
5.28805833
5.15425550
5.17229150
5.16691967
5.13402950
5.14690300
5.17252167
5.13159733
5.14709083
5.15342067
5.13296267
5.11695967
5.13618500
5.14005217
5.16930417
5.12205150
5.13620067
5.12110600
5.13839000
5.12828167
5.12487967
5.14756183
5.14542700
5.16442317
5.17087933
5.15445833
5.14340667
5.16106933
5.16776033
5.14793400
5.17002750
5.15365483
5.15173983
5.15550533
5.17605500
5.15819167
5.15774100
5.15707400
5.18084850
5.17997200
5.17929100
5.17413000
5.15806217
5.15248550
5.17135517
5.15858650
5.20776333
5.16175083
5.17489233
5.16183550
5.17256250
5.17158233
5.18060583
5.17021467
5.16671500
5.16668617
5.16867717
5.17727083
5.16438867
5.15746017
5.17034667
5.14714767
5.17160367
5.16155700
5.15932600
5.17508233
5.17703283
5.14286650
5.16940650
5.15735850
5.16467367
5.16707750
5.17216317
5.17018817
5.16551100
5.15751067
5.18029700
5.16260717
5.20651250
5.15776133
5.16429367
5.13913483
5.16922050
5.14306283
5.14250050
5.14368517
5.17070767
5.13664283
5.16515317
5.15984233
5.14895633
5.16236417
5.17776950
5.15507500
5.15639400
5.13233750
5.13895017
5.13406233
5.13333317
5.11640867
5.16389800
5.13243683
5.15382733
5.14040367
5.15702883
5.13980883
5.14284617
5.14064883
5.14000833
5.12991050
5.15984783
5.13184167
5.14884667
5.12229750
5.16142717
5.14525133
5.16395517
5.12825167
5.14957917
5.14219983
5.14895017
5.13317500
5.14069850
5.13747767
5.14547117
5.12416450
5.14655133
5.12343750
5.14795350
5.13074017
5.13622100
5.12526933
5.13576483
5.13679117
5.16725200
5.13553050
5.14062550
5.12053683
5.14253550
5.13645333
5.16894200
5.14278967
5.17661333
5.13104133
5.14220650
5.12302367
5.14673433
5.12874933
5.15520267
5.12839467
5.13947217
5.13205783
5.15685450
5.14219650
5.13442800
5.13726100
5.13372617
5.13471000
5.14504233
5.12913083
5.13614217
5.13327867
5.15582367
5.13179933
5.14851117
5.13782050
5.15064900
5.15309750
5.16317017
5.13477650
5.14943767
5.12838067
5.15993383
5.13055983
5.17632067
5.13542267
5.14879367
5.14396400
5.16070950
5.14204633
5.17686650
5.16205100
5.15451900
5.13584817
5.16554783
5.13979583
5.13646450
5.13755850
5.12820517
5.11963333
5.16032667
5.12531017
5.13400850
5.12481633
5.14961167
5.13081250
5.13322567
5.12598250
5.13400517
5.12129400
5.13163217
5.13664067
5.12829600
5.13406750
5.12685417
5.13029083
5.14655050
5.14569317
5.13207050
5.11130367
5.15238317
5.12287083
5.13424017
5.12766250
5.14066150
5.12312667
5.14785417
5.14343483
5.13635700
5.11553967
5.14263517
5.14124100
5.15368950
5.13242683
5.13612567
5.14979150
5.14239017
5.14541917
5.13268717
5.13649200
5.17100217
5.14445817
5.14850950
5.14177583
5.13010217
5.12966000
5.15124167
5.14118750
5.16749100
5.14992017
5.14612950
5.12202350
5.16812617
5.14054467
5.15191467
5.14756267
5.15948950
5.14233517
5.13714183
5.13188050
5.12537183
5.12789717
5.14052750
5.11136533
5.13514600
5.12779317
5.13856400
5.12518600
5.14352850
5.12353000
5.13443467
5.11656767
5.13383133
5.11342433
5.15423617
5.12225917
5.12937167
5.12388483
5.14545017
5.12581683
5.15507183
5.13007650
5.11156300
5.13442617
5.13576883
5.13702817
5.13798200
5.13971483
5.14444533
5.12983950
5.15992600
5.13411567
5.13628850
5.12109033
5.16631700
5.14174783
5.14772267
5.12512900
5.14216533
5.13413383
5.16201650
5.12261233
5.15461767
5.14665950
5.16484800
5.15097817
5.16366067
5.14953900
5.14403083
5.14986433
5.15420667
5.13348367
5.18405800
5.15935950
5.15686500
5.14332417
5.15371767
5.16082983
5.17084250
5.15973700
5.16806383
5.14611233
5.14630867
5.15975750
5.15968067
5.16449150
5.15609967
5.11766300
5.15939500
5.12991400
5.13799083
5.14486600
5.17375950
5.14302967
5.13495900
5.12889883
5.15709767
5.14666917
5.15095250
5.15112017
5.14805517
5.14274250
5.15285583
5.13750000
5.16550883
5.14388350
5.15192500
5.12892000
5.14410367
5.13755517
5.13769750
5.13459683
5.14010267
5.11810317
5.15536500
5.14605033
5.14742983
5.14361300
5.13888983
5.13671367
5.18484100
5.13784217
5.12850133
5.12501517
5.14474667
5.16021150
5.15425400
5.12512000
5.15383733
5.13524750
5.17127750
5.15395267
5.14841667
5.13162533
5.13722500
5.13511400
5.15910617
5.15055733
5.17461217
5.12389900
5.15830750
5.13104933
5.14652333
5.14301300
5.16184400
5.13270900
5.15332700
5.13587400
5.14853650
5.14230017
5.13626050
5.11825500
5.13955717
5.12378700
5.13993683
5.13314783
5.13320200
5.12192300
5.11773267
5.12730483
5.14314617
5.13639800
5.21316583
5.16735950
5.15000717
5.13589083
5.14260950
5.15080800
5.17731367
5.14270400
5.13710417
5.14517650
5.15629617
5.14470100
5.14497383
5.14645967
5.14098583
5.12881683
5.15256983
5.13944183
5.13564783
5.12891883
5.14182533
5.14131983
5.15558217
5.13217400
5.13697183
5.13030100
5.16103533
5.14437333
5.15287850
5.11920233
5.15313467
5.14442950
5.14911133
5.14411800
5.13758867
5.13231883
5.14866583
5.13367117
5.17647500
5.15033450
5.15655500
5.13282617
5.17592117
5.15101433
5.15670650
5.13643433
5.16139567
5.15217283
5.15488483
5.13343383
5.14286833
5.13417017
5.13435017
5.11665933
5.13856950
5.12951267
5.14330617
5.12903150
5.13789017
5.12504233
5.13101033
5.11795783
5.14749033
5.13840900
5.13931100
5.12887500
5.14655483
5.12009217
5.15218217
5.12187167
5.15317967
5.12379850
5.14280133
5.11530417
5.14513150
5.14674367
5.14683800
5.14779433
5.14430000
5.13147200
5.14485417
5.15058667
5.13676683
5.12403617
5.15923450
5.13396483
5.16623117
5.13196100
5.14040933
5.14773233
5.15303333
5.14493700
5.15033300
5.14799200
5.18777417
5.15424300
5.15448233
5.14672250
5.14464667
5.12206467
5.14782533
5.15711400
5.16914183
5.12279150
5.15285400
5.12397533
5.16799617
5.15840200
5.16023817
5.14984233
5.15880950
5.13566417
5.14519267
5.13159550
5.13053483
5.12936450
5.13390983
5.11664600
5.14126850
5.12570083
5.15798950
5.14057733
5.13809550
5.12903950
5.12454750
5.12273933
5.14022767
5.14937933
5.15069133
5.12204217
5.15378767
5.11781800
5.15194350
5.14146167
5.17370200
5.14087900
5.13484233
5.12201267
5.15436050
5.12796317
5.13762750
5.12669183
5.14405717
5.13180917
5.14395117
5.14180633
5.12674300
5.13867250
5.14941867
5.12303150
5.15241817
5.14550767
5.15470900
5.13771850
5.16443417
5.15479433
5.15216983
5.14374983
5.18575683
5.15856050
5.14881733
5.16503700
5.15021750
5.12386800
5.14274433
5.16855133
5.16439100
5.13361167
5.14449033
5.12983317
5.15183417
5.13924267
5.14238733
5.15191800
5.15494667
5.14537850
5.15997600
5.14913950
5.14939950
5.13431850
5.15241050
5.11409933
5.15628067
5.13383300
5.16699400
5.13867733
5.14034533
5.13067467
5.13860417
5.13185267
5.15829600
5.14895583
5.15713600
5.14421017
5.15212667
5.14020200
5.15297433
5.14255467
5.19349733
5.19999567
5.17226783
5.16538933
5.17726050
5.17055583
5.17381500
5.14647883
5.16370300
5.17233733
5.19583367
5.16915333
5.16872533
5.16706250
5.18038833
5.16825950
5.18698617
5.15854967
5.15986017
5.16309917
5.15685250
5.17035300
5.17471367
5.17480633
5.20051850
5.16030667
5.16864883
5.17641367
5.17156217
5.17824883
5.19336917
5.17021650
5.21582417
5.19041783
5.19287500
5.15322050
5.19087300
5.17987500
5.18806583
5.19360033
5.18878500
5.18638133
5.17213117
5.16957867
5.17019683
5.18379250
5.16769133
5.16087733
5.19273017
5.15328083
5.17255417
5.16843817
5.18637400
5.17276833
5.18614467
5.16689283
5.18376167
5.17657217
5.18265283
5.16267100
5.18547750
5.15895600
5.17096167
5.18523517
5.19552067
5.17401567
5.18753667
5.15386933
5.17775067
5.16939083
5.17853233
5.16464333
5.17279583
5.16498683
5.18422817
5.17728700
5.16381283
5.16486233
5.17414500
5.17673000
5.17253000
5.18239100
5.17829217
5.17671950
5.16440517
5.15835333
5.17320950
5.17116850
5.21031217
5.18265317
5.17909617
5.18894200
5.16797917
5.16831967
5.18084417
5.14932500
5.19852250
5.15460767
5.17902400
5.16558117
5.17514233
5.16113350
5.17699250
5.15687733
5.16436617
5.16248317
5.16784800
5.15947900
5.16645067
5.16193650
5.15463700
5.14058017
5.15732467
5.14554600
5.16039833
5.16121367
5.17016850
5.13554450
5.14976600
5.15273850
5.17616600
5.16576333
5.17189733
5.15441917
5.16458567
5.16321850
5.14883683
5.14736767
5.15239250
5.12445017
5.13418717
5.12863900
5.14701150
5.13238883
5.15413950
5.13826500
5.15023833
5.12607633
5.13945100
5.12725600
5.13446833
5.14184500
5.15915333
5.14188267
5.15770333
5.14768167
5.14742583
5.13807967
5.16782850
5.16229067
5.14671317
5.14006217
5.17177717
5.13897450
5.16185767
5.15071417
5.15742367
5.14392483
5.14703067
5.15539383
5.18995267
5.14816333
5.15606200
5.12653633
5.15079817
5.14160233
5.17787933
5.13723000
5.16190183
5.13677717
5.13919150
5.14640283
5.14331367
5.13911017
5.14330683
5.12276550
5.14879250
5.13954483
5.15707817
5.13217867
5.14267533
5.12719233
5.13060333
5.11163383
5.14556367
5.12874583
5.14685150
5.12975950
5.14113033
5.12021867
5.14648183
5.13556450
5.16317050
5.12925600
5.14484550
5.11330117
5.15630717
5.14688767
5.13934450
5.12836617
5.13077167
5.12879050
5.14210583
5.14593533
5.14184417
5.13559283
5.14423150
5.12031133
5.15732467
5.13012650
5.13348367
5.14643033
5.16049133
5.12785917
5.16458717
5.13212733
5.14214117
5.14794133
5.16214450
5.14047350
5.15959917
5.13103850
5.15822600
5.14938433
5.16603250
5.13710483
5.12683167
5.12265133
5.15527383
5.14432517
5.15726950
5.14727883
5.15695400
5.12936800
5.15725667
5.13475967
5.14442300
5.12637667
5.14335900
5.10575467
5.13792317
5.12237600
5.13981167
5.12159817
5.13843583
5.13262617
5.12653517
5.12235867
5.13261967
5.12811400
5.13760283
5.11648717
5.12359100
5.11617917
5.13442400
5.13454517
5.16393633
5.12729933
5.14815550
5.11489333
5.13226000
5.11861000
5.14116967
5.12866133
5.15296317
5.12201700
5.14527350
5.13915583
5.13255433
5.12276733
5.14683883
5.12608200
5.16696417
5.13273317
5.14391117
5.22883150
5.19800283
5.16473033
5.17269100
5.14880050
5.16604667
5.16003633
5.14983100
5.13959183
5.15210500
5.13518700
5.14099300
5.14979267
5.16884667
5.14801033
5.15455417
5.12164867
5.15547817
5.13216900
5.18097133
5.14523483
5.14285900
5.13670000
5.14184083
5.13796400
5.11695767
5.14601567
5.14355083
5.13112417
5.13527100
5.13366367
5.12774583
5.13715067
5.15436400
5.14018617
5.14673600
5.11897850
5.13651000
5.13383100
5.15095150
5.15162717
5.14966500
5.13314450
5.17149400
5.14218683
5.16400200
5.14803050
5.14628433
5.12895533
5.15383567
5.13377117
5.14295467
5.13910867
5.15351967
5.15243033
5.16437517
5.14225850
5.15498200
5.13129833
5.16386633
5.14942117
5.16516050
5.14687900
5.14722300
5.15216783
5.16459817
5.18048267
5.16151800
5.13702150
5.16895683
5.16485050
5.15986450
5.15064050
5.15085500
5.14199683
5.16539967
5.12282150
5.16922167
5.14905217
5.18572183
5.13026817
5.16205533
5.15050367
5.16533233
5.14334033
5.16372767
5.14645517
5.14589867
5.13949900
5.13791850
5.13314733
5.13983233
5.13705067
5.15747267
5.15184967
5.14189217
5.13045133
5.13648483
5.13878350
5.14721933
5.14489050
5.14994267
5.15942867
5.16352733
5.14353183
5.14672233
5.13528983
5.15431733
5.14914033
5.16909250
5.13648933
5.15358367
5.12502267
5.15323500
5.13969200
5.14434317
5.11763367
5.13697800
5.13106700
5.13976400
5.13598233
5.13278733
5.13455950
5.14043167
5.25268950
5.17516567
5.16255333
5.15797583
5.15195367
5.18074650
5.15548700
5.17249483
5.14403833
5.17980467
