8.00336814
6.33740114
6.29313186
6.27160829
6.27686429
6.29459171
6.25961629
6.26523786
6.25336243
6.26198557
6.25042000
6.26672386
6.26073414
6.25885000
6.28098414
6.25763071
6.26425829
6.26562771
6.25410929
6.26035071
6.27206214
6.27046500
6.27937800
6.26770857
6.25593957
6.28372271
6.29522900
6.27180471
6.25510871
6.25530057
6.26984257
6.26697014
6.26813257
6.27194529
6.25163971
6.26150100
6.26482600
6.28855029
6.29277000
6.25721143
6.25369686
6.25871014
6.25573486
6.28282157
6.27423843
6.25640514
6.28311929
6.25872929
6.24770329
6.27451900
6.26714214
6.26429429
6.24959586
6.26985943
6.30894600
6.25425014
6.26250371
6.24521843
6.26737871
6.25764443
6.23477986
6.24744186
6.26950914
6.24092871
6.26901229
6.26418729
6.27186557
6.24318786
6.26259686
6.26690100
6.25455714
6.24337486
6.26200757
6.25398271
6.22460343
6.22940657
6.22335914
6.25830914
6.27519086
6.26302843
6.27203357
6.25834543
6.26590500
6.27943143
6.26817386
6.26129486
6.26124571
6.25421529
6.27713014
6.25542771
6.24677600
6.24795957
6.25897786
6.26031371
6.27318800
6.25687086
6.27369271
6.27225643
6.26708429
6.26049129
6.24730657
6.26501614
6.25713186
6.24181914
6.27533586
6.22956543
6.23811529
6.23820643
6.25140643
6.25741857
6.28871471
6.25963257
6.26815729
6.24866486
6.27107871
6.25199800
6.26785200
6.27241071
6.28296557
6.27040343
6.25613414
6.26401057
6.26328829
6.26529086
6.26494657
6.27766286
6.26570771
6.28483271
6.28613271
6.29919186
6.25344371
6.26133200
6.25185271
6.25280514
6.25347686
6.26726571
6.27760914
6.25404614
6.26108129
6.23751971
6.25506071
6.26820071
6.27803771
6.26262514
6.27227957
6.25110129
6.24847100
6.24651900
6.25831743
6.25724871
6.25808271
6.28228314
6.25492900
6.25328571
6.26625300
6.24841200
6.27355343
6.25961914
6.26889900
6.25676657
6.25623829
6.27584514
6.25870643
6.26248957
6.25279814
6.25036943
6.26410000
6.23393143
6.25994671
6.25236300
6.23626243
6.24919886
6.25451371
6.24728400
6.28351571
6.26197157
6.27413229
6.27452086
6.25120357
6.25607014
6.26973600
6.27149871
6.26769771
6.27549971
6.25979586
6.25745357
6.26865000
6.27523714
6.25883857
6.26246257
6.27561857
6.28400700
6.27125943
6.26262614
6.27259129
6.26858314
6.25046686
6.27147314
6.25779029
6.25942143
6.24820043
6.25223529
6.26662071
6.25890700
6.24844143
6.25838129
6.25911514
6.29681800
6.27844343
6.26561929
6.25627229
6.25302514
6.26416057
6.26635214
6.25468229
6.26392700
6.24527857
6.25787657
6.27277271
6.24573543
6.25610671
6.25878857
6.24892486
6.25306686
6.26112771
6.26096343
6.27252086
6.25110700
6.27901329
6.26345014
6.26831086
6.23371671
6.25954657
6.24017000
6.25401929
6.24875857
6.23913014
6.25939214
6.28409286
6.27666514
6.26054971
6.27303914
6.25916500
6.24949857
6.26593386
6.27434743
6.26185371
6.26932486
6.29257886
6.25070529
6.26683400
6.24793600
6.25010129
6.25840986
6.26821914
6.25217171
6.26302329
6.27277571
6.26021900
6.26620171
6.26194643
6.25541171
6.25694529
6.24371243
6.26573457
6.25055871
6.26321114
6.25870186
6.25353557
6.25015171
6.26822143
6.27213029
6.29224686
6.25206500
6.25257300
6.27787643
6.26646586
6.27645700
6.26547329
6.28150971
6.26081371
6.26617171
6.25209043
6.30334543
6.24908929
6.26615829
6.28918671
6.29229200
6.28557171
6.30771700
6.28361929
6.29423971
6.28808929
6.28814686
6.27008729
6.26876871
6.27361914
6.27474571
6.27098986
6.27761071
6.28522686
6.28065871
6.29590986
6.29396229
6.29815314
6.26626314
6.26657943
6.28174086
6.27391529
6.27717586
6.28768400
6.27852943
6.25573700
6.28473400
6.29224600
6.28001343
6.26714371
6.27377657
6.28331014
6.27233900
6.29147414
6.26499486
6.27522443
6.25950471
6.26343386
6.26273857
6.27553757
6.27311543
6.26686443
6.25658629
6.25308471
6.25684600
6.27111871
6.27872314
6.28434314
6.26170757
6.27372729
6.27555214
6.25358057
6.25801729
6.26977243
6.27521657
6.26132329
6.25998829
6.25123229
6.25614714
6.24874086
6.25280900
6.24664000
6.23347086
6.25910357
6.23946971
6.27288171
6.27113129
6.25757214
6.24752500
6.25021829
6.25394629
6.23763529
6.24320386
6.23604486
6.25728757
6.24516200
6.24834686
6.25423800
6.26171600
6.27158500
6.27440700
6.25334986
6.26870543
6.26430686
6.29144771
6.26160486
6.26087771
6.25960500
6.27628229
6.26752086
6.25271643
6.25770957
6.26177600
6.24811186
6.25280157
6.25173157
6.25301157
6.27095357
6.25335271
6.26241429
6.26464214
6.23997071
6.25244157
6.25007857
6.25451443
6.25486486
6.25489071
6.25384900
6.24000600
6.24530629
6.26553429
6.26911243
6.27508371
6.22238786
6.23507214
6.23671129
6.23090586
6.23108757
6.25809871
6.27707757
6.26564100
6.26381271
6.25061071
6.24114543
6.26255414
6.25470714
6.25889757
6.25733971
6.24128971
6.25458671
6.28202871
6.25427029
6.26714557
6.26089871
6.26635614
6.25903329
6.24256200
6.26868186
6.24380314
6.25055771
6.25112243
6.24909357
6.26589929
6.26936771
6.25670100
6.27732557
6.25859814
6.26253029
6.27279214
6.26653357
6.26832757
6.26641800
6.25948186
6.26244514
6.26563500
6.26632271
6.24787786
6.24861914
6.25346743
6.24692900
6.24871386
6.28384229
6.30135657
6.27709657
6.26273429
6.25452843
6.26947629
6.25285443
6.26557557
6.24819186
6.26423100
6.25168343
6.27487014
6.24552871
6.25206129
6.27004843
6.26362214
6.25010129
6.24997000
6.25417171
6.24832843
6.25756600
6.25872386
6.26635700
6.25785557
6.25931500
6.26528186
6.26640529
6.26745457
6.23291771
6.25171900
6.26643486
6.25321257
6.27240600
6.26860914
6.26595971
6.26396029
6.26218714
6.27803600
6.25730900
6.25053200
6.25253086
6.27644671
6.25505200
6.25813357
6.24640443
6.26083286
6.24166986
6.26567671
6.25858186
6.24810114
6.26452557
6.26813157
6.25656514
6.25997014
6.25553171
6.27329557
6.24989714
6.25986600
6.25759314
6.26542800
6.25098757
6.25604871
6.26931057
6.25121129
6.27296557
6.26589743
6.25051557
6.25628743
6.25714300
6.26689129
6.26300886
6.24552014
6.24722900
6.24619757
6.24243014
6.26209586
6.24664329
6.27525443
6.27194729
6.28393043
6.25934057
6.24648943
6.26752286
6.26513171
6.28161643
6.26666829
6.26838114
6.29445400
6.25026871
6.25718214
6.26556057
6.25389829
6.25374243
6.27245886
6.26361686
6.26671729
6.26694914
6.26612029
6.26301386
6.26134757
6.26227514
6.25756457
6.25233700
6.24218029
6.28897443
6.26331000
6.24776357
6.25471643
6.25276000
6.25810486
6.26797714
6.26573657
6.26841414
6.27110214
6.26833714
6.28700329
6.28459229
6.27266486
6.27343971
6.26154829
6.26033114
6.27770686
6.27494343
6.27923257
6.24337971
6.25678486
6.26277829
6.26269986
6.27756414
6.27082800
6.26540000
6.26129271
6.27012200
6.25958557
6.26502986
6.25397043
6.25823600
6.24304100
6.26595543
6.26023857
6.25553200
6.25713857
6.26847629
6.26391529
6.25636486
6.26867286
6.27374571
6.26847614
6.24474157
6.27153886
6.26722729
6.28107500
6.26622543
6.25972671
6.26486843
6.28018814
6.25529786
6.26209900
6.26965029
6.25802629
6.26187771
6.27190343
6.25244843
6.24513629
6.24321800
6.27285429
6.26770314
6.26615529
6.24680500
6.27438400
6.33041014
6.24428271
6.26958414
6.29268314
6.26629514
6.27090986
6.24517057
6.24751100
6.25177571
6.25790543
6.26429157
6.25757543
6.27860200
6.27139314
6.24944000
6.24655786
6.25860771
6.26009186
6.24359086
6.25021029
6.26973014
6.26146657
6.26361186
6.25722857
6.25534571
6.25326629
6.26510086
6.26602143
6.24842357
6.26037443
6.24830829
6.26822971
6.26444043
6.26060343
6.24918943
6.25161229
6.29060329
6.25421643
6.24760443
6.24635814
6.24844357
6.27167429
6.26761529
6.25956571
6.25622000
6.28167829
6.26514414
6.26790743
6.27060943
6.26451400
6.24544686
6.25473314
6.27245957
6.25256529
6.30079886
6.27407857
6.25983643
6.26657071
6.27414471
6.30213471
6.25503186
6.24810086
6.25812071
6.26055029
6.25723871
6.25668414
6.25991043
6.27591114
6.28122157
6.26985400
6.27099529
6.24181671
6.25959286
6.25314843
6.27000043
6.25397014
6.27007529
6.25798800
6.27473414
6.24415029
6.26979100
6.25139029
6.24895757
6.26013871
6.24633614
6.27563486
6.28145529
6.26551857
6.24233643
6.28682329
6.25909657
6.26975371
6.27288386
6.25586629
6.25551257
6.23443829
6.23037371
6.26107743
6.25300243
6.26511614
6.28393914
6.26025514
6.26421529
6.26012286
6.25455629
6.25255786
6.24499143
6.25177914
6.26407929
6.28972200
6.25839029
6.26081100
6.27550586
6.27247800
6.25630229
6.24611600
6.27981200
6.26707557
6.28900443
6.27783271
6.27040486
6.26502900
6.27001457
6.28025657
6.25963314
6.25283714
6.25559429
6.25391029
6.23932286
6.24445429
6.25246114
6.26983629
6.27807886
6.26690329
6.26123586
6.25674986
6.25911843
6.25291500
6.26794329
6.26028914
6.25479800
6.27046443
6.27015214
6.26380957
6.25031971
6.24453629
6.25636843
6.25868271
6.25371757
6.26977557
6.27278457
6.25421814
6.25890086
6.25889771
6.25988486
6.27123186
6.24134414
6.25050471
6.25250529
6.25325500
6.25074329
6.24285957
6.25302800
6.26887471
6.24357686
6.27385757
6.27041686
6.25810571
6.23623543
6.25999086
6.25567229
6.25031371
6.26847986
6.26178100
6.27220543
6.26524029
6.28323029
6.25504071
6.24697443
6.25328586
6.27032671
6.26851871
6.27379214
6.27170157
6.25068286
6.26383729
6.25190043
6.26595957
6.25784629
6.24733714
6.23288171
6.24474514
6.23943971
6.26139186
6.24679843
6.25533543
6.27835500
6.28396471
6.27531157
6.25569743
6.26531086
6.25913300
6.26179414
6.25968271
6.28667043
6.26583029
6.27483914
6.24286557
6.27847929
6.26035443
6.28017329
6.24860214
6.26856714
6.28999143
6.28602943
6.27698100
6.26793257
6.25563200
6.25889386
6.26913814
6.27584100
6.23996357
6.23012843
6.24132414
6.23953429
6.25312800
6.24467314
6.26972386
6.27741600
6.27190886
6.26222614
6.25734857
6.25421271
6.27099471
6.26472014
6.25855829
6.26582829
6.25689357
6.27422100
6.25224157
6.25659500
6.25926886
6.26118000
6.24747129
6.24846100
6.25965986
6.28908343
6.27416471
6.26362343
6.26625800
6.24167043
6.25088800
6.25721429
6.24806571
6.25543986
6.25083957
6.25286714
6.26161829
6.24760900
6.24743086
6.27246800
6.26556229
6.24842443
6.25223443
6.24887400
6.26685257
6.24872614
6.25094157
6.25314800
6.25905900
6.26132571
6.26123214
6.25159343
6.25759386
6.23914186
6.26847200
6.27493157
6.24518457
6.26798300
6.25512214
6.25479700
6.24417557
6.25577886
6.25790514
6.46736143
6.23945343
6.25029743
6.26006071
6.24081829
6.24289586
6.23654171
6.25045871
6.27964700
6.26143186
6.25442700
6.25385543
6.25251257
6.26702429
6.28597743
6.27293843
6.27074071
6.27675814
6.25731429
6.26058414
6.27759129
6.26876500
6.24271500
6.25280900
6.25984700
6.24626057
6.25049757
6.25707457
6.24578043
6.26921171
6.24657471
6.27850600
6.26749271
6.25167143
6.26621657
6.31142971
6.25868471
6.24416786
6.25120586
6.26620729
6.27332929
6.26180743
6.25875429
6.24785843
6.25482600
6.26177371
6.26546100
6.26680657
6.24429600
6.26972086
6.27671986
6.24303429
6.25628800
6.26412857
6.25260543
6.26605943
6.27734814
6.25950543
6.29673500
6.25291171
6.25620171
6.25848400
6.25226929
6.26701157
6.24252771
6.25445271
6.26650571
6.24912171
6.25730957
6.24645057
6.24835200
6.26205714
6.26504271
6.27356200
6.26142943
6.25370271
6.26392071
6.25494457
6.27456914
6.26620586
6.25838029
6.25181029
6.26385243
6.24577729
6.26388686
6.26139757
6.25601543
6.24875243
6.26040071
6.24460671
6.27896886
6.26372614
6.26062900
6.24313657
6.25904829
6.25929229
6.25962629
6.24565114
