9.41470050
6.86636625
6.81016825
6.79810400
6.79941462
6.78098700
6.79167975
6.79452212
6.78802875
6.79199600
6.76626125
6.78381188
6.74450638
6.76792800
6.76172237
6.76691550
6.74599688
6.76374400
6.78127450
6.80164463
6.76942512
6.78679663
6.78523112
6.80746562
6.78044162
6.77229275
6.77072700
6.78554513
6.74818537
6.76985537
6.76184287
6.77124263
6.74780137
6.74331400
6.76022013
6.78572763
6.78010262
6.78552025
6.77022625
6.77887913
6.76766025
6.81277675
6.79517963
6.78447887
6.77791325
6.77996938
6.77407700
6.79781975
6.76437825
6.78080663
6.75595925
6.77674050
6.78808312
6.80775062
6.78869500
6.78497087
6.76823425
6.76686587
6.79709363
6.79519150
6.76905975
6.77395588
6.74146938
6.74145888
6.75942437
6.76270225
6.79294800
6.80371625
6.77762262
6.77291763
6.79150587
6.79504062
6.77160550
6.78289513
6.77388437
6.79092525
6.80820137
6.79745475
6.80150225
6.79382838
6.76352800
6.78888737
6.77799075
6.82177800
6.77828625
6.82852675
6.77196187
6.80049000
6.77748662
6.78722413
6.76410087
6.78941050
6.76098412
6.77255425
6.77360325
6.77235925
6.75788775
6.78572737
6.78137887
6.79969913
6.76021275
6.79274362
6.77177275
6.80582563
6.76746238
6.81218662
6.79626788
6.78081450
6.76977212
6.77404787
6.77851438
6.78723425
6.76221562
6.78127812
6.76334513
6.79839062
6.77659688
6.80482850
6.79907075
6.79774812
6.77850738
6.77772737
6.79304362
6.79149575
6.78036150
6.76060762
6.73137850
6.77697150
6.78636900
6.79062663
6.77927387
6.80906112
6.77462588
6.77951950
6.77244137
6.80106038
6.78457275
6.77331500
6.77523275
6.78104600
6.77397150
6.79170200
6.76519650
6.78610725
6.75312175
6.76594025
6.77024350
6.79472963
6.78110700
6.78782112
6.78376387
6.78998937
6.79333750
6.78545638
6.79561975
6.79630562
6.77818337
6.78363263
6.77251688
6.79849700
6.76390750
6.77828850
6.75952987
6.78812288
6.78872787
6.80112588
6.76374175
6.80506787
6.78799713
6.81354713
6.78673525
6.78718100
6.78837312
6.77164950
6.77087512
6.80778613
6.76308825
6.76272463
6.76654450
6.80340400
6.78364025
6.79911213
6.79717288
6.80668138
6.78217337
6.78658738
6.77758087
6.80664937
6.77957575
6.78484125
6.74771250
6.77402975
6.76487400
6.78133838
6.77830637
6.77847637
6.75648887
6.78239850
6.77794825
6.79338025
6.75395600
6.79919025
6.77048650
6.78914587
6.76331587
6.77576612
6.76607750
6.80637700
6.74624562
6.77071525
6.76126613
6.79367800
6.77105975
6.77987925
6.77498563
6.80889200
6.81338187
6.76985762
6.79171012
6.79515000
6.77419950
6.76919975
6.75319463
6.77565900
6.74726513
6.77168388
6.79930387
6.80552275
6.80284750
6.80184675
6.78471775
6.80811462
6.79983150
6.81905713
6.80988900
6.82932400
6.80313700
6.78844050
6.78452950
6.81654650
6.77790412
6.77802137
6.74782325
6.78519087
6.78444325
6.80886262
6.78987175
6.79008250
6.77350662
6.77638625
6.79939325
6.80166463
6.79856225
6.79233825
6.76429287
6.76991088
6.77888937
6.77219500
6.77775713
6.80953275
6.76939625
6.81167663
6.78486450
6.80643212
6.80022825
6.81875112
6.77006762
6.78885213
6.77000212
6.79863875
6.80115662
6.81249838
6.75547675
6.80575400
6.80543475
6.80849775
6.79573863
6.79347250
6.78225687
6.82383738
6.79190000
6.79066712
6.78600925
6.80010150
6.78238225
6.79358812
6.76386350
6.74957362
6.75270687
6.76952325
6.76026750
6.81982375
6.80430000
6.78778837
6.77363088
6.79699375
6.77923913
6.82887762
6.80035162
6.79435625
6.76706788
6.79918625
6.78738475
6.81981813
6.77399625
6.77855413
6.77516325
6.79270600
6.75765425
6.80964012
6.79100450
6.79322850
6.78116400
6.77053125
7.01046450
6.83461325
6.81207337
6.83700575
6.75818150
6.74869312
6.75864363
6.78093425
6.78282337
6.80269662
6.78550675
6.79946500
6.78850262
6.80801025
6.77199775
6.79217175
6.78487300
6.78305663
6.77699613
6.78704925
6.75825188
6.78371687
6.75935200
6.78945650
6.80941475
6.84843725
6.81957363
6.83979200
6.81320838
6.87171325
6.82337813
6.82523625
6.82229950
6.81818413
6.81216362
6.81314525
6.77722275
6.79227600
6.78787162
6.77861325
6.77318087
6.80964775
6.79433838
6.80283275
6.79228963
6.80367525
6.77671600
6.82048425
6.80276925
6.82633300
6.77690713
6.77926562
6.77898913
6.81541750
6.77087113
6.79529000
6.77388763
6.79945587
6.78382450
6.80644537
6.77542387
6.78418925
6.76703937
6.79154412
6.79530100
6.80275413
6.78150788
6.79269600
6.72773262
6.78643450
6.76101987
6.77454162
6.80666250
6.77946175
6.78794475
6.78275537
6.79127237
6.79738675
6.77723475
6.79031400
6.77545987
6.78500938
6.78132775
6.77955550
6.76216175
6.79386225
6.76431575
6.76667925
6.76421350
6.81449563
6.78044988
6.79817025
6.78268700
6.81484050
6.80019775
6.78776738
6.76434250
6.77592138
6.76278925
6.75603113
6.76916187
6.75566788
6.74200025
6.76326700
6.76718862
6.77632262
6.76695587
6.77047375
6.77227625
6.80690325
6.77882450
6.82525950
6.79748825
6.78915400
6.74068062
6.77423000
6.77621000
6.81373888
6.81026925
6.78112700
6.74825975
6.79651325
6.77715713
6.78739463
6.76985587
6.78575988
6.76554688
6.78579125
6.76087250
6.81040525
6.77230175
6.75713950
6.75014300
6.74089775
6.74289875
6.75235700
6.75216162
6.78121325
6.79161600
6.80827562
6.77355475
6.81209550
6.76858675
6.80337250
6.77664750
6.79402525
6.78091475
6.79882837
6.79268950
6.81326337
6.75113912
6.80480000
6.82326825
6.80478275
6.79545012
6.78901000
6.80279688
6.81373137
6.80032325
6.79505900
6.81618650
6.79420313
6.79152763
6.79227588
6.78945763
6.79156913
6.76579500
6.76939587
6.78654175
6.79285538
6.80552537
6.82065738
6.79773675
6.78836700
6.78068750
6.82384562
6.80338300
6.79980250
6.77585287
6.80105812
6.78639612
6.82724375
6.78829725
6.82650575
6.77006938
6.79969050
6.78528487
6.81019750
6.79749512
6.81215750
6.77251050
6.80429963
6.79898063
6.81083337
6.78662875
6.78884912
6.78202325
6.78230350
6.76789362
6.76445775
6.77106587
6.81366050
6.76820475
6.78920662
6.75489450
6.79161950
6.78028275
6.80185400
6.78146012
6.78443500
6.82733938
6.77440438
6.78852062
6.80129437
6.75780588
6.77618650
6.77820675
6.80353313
6.78537838
6.80256700
6.78819200
6.81151125
6.79004938
6.77080988
6.79215513
6.78953225
6.76488350
6.79357713
6.76519575
6.75534312
6.76275613
6.77571400
6.76292887
6.78361763
6.79372100
6.81417863
6.79441638
6.78724750
6.77811850
6.81081088
6.81284187
6.79605700
6.77411612
6.77513662
6.78900413
6.81934500
6.78839200
6.79132988
6.77961912
6.80203162
6.78757775
6.79330863
6.77866350
6.80357113
6.75674200
6.78831300
6.77600750
6.81820400
6.77928762
6.77848025
6.75061737
6.76641963
6.75533550
6.78309513
6.79731975
6.81203425
6.79403250
6.82353863
6.82822000
6.82844787
6.80707975
6.79708875
6.78912325
6.77884200
6.77406862
6.77375012
6.76409425
6.81208900
6.75352487
6.77678263
6.78932725
6.84684025
6.77888150
6.82266462
6.80232525
6.80196525
6.78119350
6.78670588
6.78794175
6.78857662
6.75145463
6.79524525
6.77724050
6.76992338
6.77429963
6.75003000
6.76808638
6.80390875
6.78271613
6.80315375
6.77895050
6.79278500
6.77045000
6.84000987
6.78234250
6.79788012
6.74800800
6.76976112
6.78825500
6.80794313
6.79073663
6.77606713
6.76543713
6.80794863
6.79156325
6.79750500
6.79304900
6.79263337
6.76064138
6.79503500
6.78915500
6.81668888
6.77943175
6.77349225
6.76256712
6.77975825
6.76036675
6.78664913
6.79043500
6.79004025
6.76796275
6.78098138
6.81285413
6.79423650
6.76523037
6.79967862
6.78772100
6.81301500
6.77822563
6.77765825
6.75821375
6.80203525
6.75419350
6.75894388
6.76761225
6.78969388
6.76833188
6.78190975
6.78847037
6.79315713
6.77695500
6.78236875
6.79693837
6.78495262
6.76867725
6.77094650
6.78366287
6.76960700
6.76862738
6.76379225
6.80860812
6.81275062
6.78872188
6.80310838
6.77609663
6.80000187
6.77919925
6.81311450
6.80068813
6.78743487
6.76855088
6.78489912
6.79328237
6.79670450
6.77619900
6.77299113
6.76546687
6.80148800
6.76732762
6.80487750
6.77674113
6.83171437
6.78444000
6.79657850
6.78587150
6.81220925
6.78278525
6.78262400
6.72991237
6.76384200
6.76119962
6.82023262
6.76665950
6.81812387
6.77681113
6.79480750
6.77741650
6.79911513
6.76411675
6.79682950
6.78117388
6.79356238
6.76835762
6.77682112
6.77683563
6.79137162
6.74851825
6.78714700
6.77926487
6.81649250
6.77245500
6.79553575
6.80297988
6.80153350
6.78637175
6.79553450
6.78467737
6.78260963
6.77380138
6.79575875
6.77690625
6.76905575
6.75032687
6.76662675
6.77433700
6.78834513
6.81485137
6.79578463
6.78232463
6.78251725
6.78237513
6.83140162
6.79804962
6.81406662
6.77173100
6.76873800
6.77496650
6.79418750
6.79135150
6.76482825
6.75272388
6.80235412
6.75595925
6.79678437
6.78827050
6.78903300
6.78060663
6.78778550
6.79902525
6.79217088
6.77746813
6.77452150
6.74023538
6.79069587
6.75167688
6.76944038
6.77659638
6.78930025
6.76591350
6.80550663
6.78769400
6.79029938
6.76834900
6.77971550
6.77760663
6.78747412
6.77702575
6.76748088
6.77465937
6.80944150
6.76665362
6.78441475
6.78203063
6.79135775
6.76906900
6.79935863
6.78609325
6.81270738
6.79301450
6.80075913
6.80378938
6.80596550
6.76444138
6.79669487
6.75768975
6.77356763
6.76179587
6.77631475
6.77007537
6.81101825
6.79724663
6.79552250
6.78465650
6.80233262
6.77654587
6.82134537
6.80430950
6.80678625
6.77724225
6.77206575
6.77242963
6.81892250
6.78176987
6.79677125
6.76228775
6.80437675
6.80935150
6.81782850
6.79642438
6.81142587
6.78510050
6.80548087
6.78535925
6.81060787
6.81061075
6.79878713
6.75397850
6.79489675
6.77196613
6.80093012
6.79483137
6.81217237
6.80165025
6.81315487
6.80786425
6.79764175
6.76844750
6.80687587
6.77580250
6.79343988
6.80953300
6.79866013
6.77804800
6.79059925
6.75426450
6.79328100
6.81285175
6.80505287
6.79572662
6.80028713
6.77508100
6.78982050
6.79208550
6.81466050
6.79156337
6.78586962
6.77073237
6.79012487
6.76498263
6.76656088
6.76940787
6.75969325
6.75398075
6.78964337
6.77212950
6.78294412
6.76968475
6.78086100
6.78019075
6.81764075
6.79108775
6.78786850
6.76185712
6.78197775
6.78255712
6.83201762
6.79513387
6.79405650
6.76896237
6.79522075
6.78266350
6.80727887
6.78692313
6.79791587
6.79712038
6.79077463
6.80392712
6.81617950
6.80723462
6.78640488
6.76749188
6.78358500
6.79755350
6.78704900
6.79725462
6.79023538
6.77089963
6.77145637
6.76391175
6.81332438
6.79755687
6.82938512
6.81444625
6.82219150
6.81259000
6.79840475
6.79509538
6.84611463
6.78742338
6.80736737
6.81109450
6.82200288
6.81945237
6.82274725
6.80693313
6.81215625
6.81117112
6.82751788
6.84354837
6.81736638
6.81107537
6.82913075
6.80597525
6.79803125
6.78283550
6.79539925
6.78504912
6.82963862
6.81932275
6.82402600
6.83583400
6.82235625
6.81105763
6.83105788
6.80198650
6.82340563
6.79723350
6.80249575
6.82382200
6.83902550
6.82372325
6.82967425
6.80525925
6.83902613
6.81866275
6.82193650
6.81306612
6.81459775
6.85506725
6.83514012
6.83019550
6.83119337
6.80385050
6.82338787
6.79411500
6.79602450
6.77814875
6.82847913
6.81002950
6.82739700
6.80956137
6.81499962
6.82418863
6.83348038
6.80573638
6.83450863
6.80462012
6.82082413
6.81801075
6.78638863
6.77101125
6.79822862
6.77220438
6.79474363
6.80465675
6.78901738
6.78806925
6.80190350
6.77819000
6.82191088
6.79368000
6.79454437
6.79449625
6.79533937
6.77451313
6.78618075
6.77515313
6.76649800
6.76577162
6.77350150
6.78794750
6.79342450
6.77027600
6.78502063
6.77332612
6.78117350
