11.11881133
8.40242644
8.25889544
8.24398167
8.23880867
8.28445689
8.24964278
8.26553489
8.26681911
8.28160089
8.25299222
8.31027500
8.30011956
8.31578911
8.25497622
8.28780356
8.26152344
8.27313411
8.24124633
8.26570100
8.21886167
8.24281089
8.22169622
8.23012522
8.20978944
8.20099100
8.22869144
8.22602111
8.21049389
8.24801500
8.22903711
8.25303089
8.27337600
8.24548856
8.20755911
8.23561122
8.22997811
8.22458200
8.21848422
8.27759967
8.26260133
8.25237533
8.26960967
8.29154200
8.27463111
8.26091511
8.25805111
8.24141122
8.22122089
8.22475022
8.24058467
8.25463800
8.24997956
8.24428500
8.24490256
8.23179733
8.23242700
8.22235067
8.21342044
8.24440400
8.22172189
8.23255200
8.20092556
8.22692889
8.26494111
8.24622622
8.21242856
8.23191411
8.23865744
8.23665478
8.25259267
8.24059322
8.23109611
8.27011600
8.25806956
8.27587800
8.25261078
8.28345922
8.26370978
8.25323233
8.26562933
8.23029167
8.20959889
8.18109478
8.21646044
8.21145367
8.20336144
8.22442500
8.23866944
8.22532189
8.23940867
8.25119467
8.20404522
8.19808700
8.22286033
8.23712367
8.24937367
8.24152133
8.21316889
8.24391756
8.24033989
8.23454367
8.25133633
8.23367856
8.24123656
8.25473400
8.26101389
8.28170722
8.27330900
8.27456344
8.23943633
8.25087056
8.24907667
8.26462222
8.23981256
8.22322467
8.22548689
8.22372200
8.19849522
8.20812156
8.19625289
8.17856811
8.17271511
8.16998678
8.16268578
8.20152744
8.19396300
8.21372367
8.23075744
8.22402200
8.21799956
8.24085800
8.22314011
8.26107744
8.24982844
8.22364000
8.23354256
8.24591589
8.25874578
8.28360878
8.28347878
8.26010489
8.24689767
8.25767833
8.25098033
8.20865256
8.20361867
8.17057967
8.19192500
8.19000589
8.22079133
8.20316944
8.19658922
8.17822244
8.18078389
8.21818967
8.24129944
8.22230756
8.22305533
8.21399178
8.24668289
8.21993533
8.21128533
8.22535144
8.25938378
8.23633789
8.23867667
8.23679433
8.23272000
8.26231456
8.26561322
8.25163311
8.26345422
8.26386878
8.24867378
8.26083467
8.26076356
8.25295522
8.21838278
8.23805522
8.23490789
8.19191433
8.23359844
8.21337889
8.20705944
8.20244244
8.20054600
8.20259367
8.19345633
8.18015556
8.18597744
8.20535744
8.23494044
8.20554978
8.21268344
8.22504322
8.22386733
8.21929256
8.23466611
8.23792044
8.21249800
8.25004756
8.26917644
8.27991156
8.29145922
8.24526322
8.27100233
8.25914078
8.24652956
8.26527967
8.26588278
8.24438311
8.23140611
8.23058822
8.22100033
8.22052856
8.20718311
8.20977867
8.22238111
8.22637633
8.26077422
8.23651922
8.24064367
8.21828067
8.22679144
8.22810367
8.20616267
8.24616744
8.24827100
8.24702844
8.27077711
8.25708833
8.25649944
8.26588356
8.29093267
8.29135144
8.29599333
8.27735122
8.24461044
8.26547822
8.26664989
8.25646878
8.27409944
8.24405333
8.24458644
8.25086633
8.22915889
8.23211156
8.20034256
8.18174167
8.18548189
8.17528011
8.19101100
8.20570889
8.21621967
8.21660889
8.23281778
8.23636867
8.21221389
8.22345489
8.22491867
8.25431956
8.22058056
8.21840067
8.19016467
8.20786067
8.26802967
8.28192244
8.27113622
8.25606778
8.25171178
8.25767833
8.23026933
8.23576278
8.26167022
8.22896500
8.22433156
8.25089478
8.19495300
8.18686389
8.19901111
8.19236389
8.21119200
8.20930744
8.19715756
8.20049889
8.19269500
8.21294100
8.24321311
8.22091656
8.20667589
8.20725156
8.22704478
8.22995022
8.23428600
8.23010944
8.22207200
8.24585756
8.27195800
8.30195956
8.24697300
8.24243611
8.24644022
8.25585900
8.23476400
8.23166378
8.23161800
8.21741356
8.25880989
8.23944178
8.20853622
8.19873767
8.19254200
8.18803689
8.21061444
8.21138489
8.19356333
8.18719178
8.20016744
8.22017033
8.22672578
8.23240344
8.21433533
8.24405567
8.24526233
8.22113033
8.21095378
8.22245400
8.25755667
8.24457178
8.30586611
8.29687456
8.26822367
8.27861433
8.24772100
8.24878256
8.27103956
8.31253722
8.32730467
8.26422933
8.23363678
8.23773711
8.23391244
8.20567344
8.19054222
8.20306456
8.20829033
8.19247000
8.19549011
8.21856411
8.21724033
8.23490433
8.25386967
8.22376767
8.21118900
8.21019533
8.23220489
8.22884211
8.23561733
8.23891356
8.23108567
8.25707200
8.26655978
8.28360056
8.29453211
8.25862578
8.24335367
8.26920011
8.23347456
8.22363589
8.22791233
8.21025989
8.21676078
8.24201522
8.21254133
8.18628289
8.18220456
8.19465233
8.19690222
8.18318278
8.22167400
8.22183478
8.21214044
8.19943600
8.24438411
8.21411211
8.22792856
8.23139144
8.22316256
8.23531044
8.22971156
8.23849389
8.22009333
8.25353222
8.26154956
8.27134889
8.28214567
8.27125844
8.23320167
8.27040667
8.24740767
8.24487322
8.25204611
8.23792800
8.24282933
8.21266789
8.23394400
8.19503622
8.19425811
8.19276111
8.20681489
8.19131289
8.19690878
8.17375378
8.17113556
8.20854033
8.28835344
8.17658533
8.20115689
8.22966400
8.22425344
8.22324856
8.23476344
8.22091467
8.23359133
8.26399767
8.28200556
8.28121133
8.27445033
8.25833956
8.23123300
8.24248100
8.25622689
8.26913000
8.24965178
8.21916289
8.19560444
8.23613289
8.23787833
8.18650378
8.18334989
8.19181100
8.21498933
8.20761067
8.20629956
8.22436444
8.20653578
8.21639478
8.20544478
8.25702278
8.21211333
8.22595522
8.24560433
8.23308211
8.24313156
8.24207500
8.21253600
8.23364811
8.25176678
8.20480422
8.22182300
8.26089078
8.23614389
8.25544300
8.25643433
8.24946233
8.25249256
8.22479644
8.22656678
8.22941956
8.21355978
8.21915044
8.21453267
8.19071589
8.20807278
8.27171122
8.23858467
8.24934589
8.20093489
8.20062678
8.24987311
8.24351267
8.21666211
8.23560789
8.24752556
8.25565144
8.24603722
8.24790778
8.23014611
8.25860733
8.25764578
8.28034700
8.23428489
8.21936111
8.18421078
8.21112756
8.24771222
8.23680522
8.22857256
8.22000889
8.22742800
8.23054400
8.20800078
8.19203756
8.17427633
8.19504744
8.18416989
8.21921489
8.19988889
8.19437500
8.20206667
8.20909700
8.23982367
8.24543356
8.23771578
8.24337544
8.22173356
8.24990878
8.24010800
8.23679244
8.23481856
8.27088811
8.24789789
8.27651156
8.26966678
8.25382522
8.24805856
8.25178000
8.24960500
8.27138144
8.25054367
8.23538200
8.17025800
8.19974556
8.17183967
8.15810033
8.16909089
8.27630456
8.20713878
8.19561533
8.22478844
8.19482011
8.20067156
8.23271111
8.24608911
8.22988367
8.20063478
8.22786478
8.22941767
8.22792433
8.23615100
8.25550344
8.26026844
8.27688311
8.25769644
8.30864956
8.29187022
8.27077322
8.25275411
8.24197600
8.26237233
8.24889056
8.25618789
8.22253311
8.22054744
8.21887111
8.22571367
8.22440444
8.20350556
8.20153733
8.21396544
8.20445167
8.21632956
8.20945300
8.19778067
8.21572333
8.26618256
8.24328789
8.23067033
8.23079956
8.24738233
8.23428622
8.23175167
8.24022811
8.23817411
8.26893644
8.27997822
8.33082389
8.41530422
8.28563344
8.30814678
8.28969356
8.23965067
8.20967978
8.19736289
8.20777133
8.21653100
8.22960400
8.21169378
8.18665556
8.19181000
8.19721133
8.19320200
8.19149744
8.21064667
8.19654356
8.21853911
8.22601622
8.22560622
8.23871633
8.21940511
8.22806644
8.23321089
8.22262411
8.24944733
8.25347878
8.23484200
8.25323489
8.26878711
8.29894778
8.26802056
8.23957244
8.23687156
8.23810178
8.24763567
8.25936256
8.24621689
8.22362633
8.19233833
8.19129644
8.16268256
8.19450500
8.19621344
8.17935822
8.20581989
8.23840211
8.21594367
8.21636622
8.21654978
8.20674433
8.24096856
8.23110911
8.20642244
8.22218389
8.23527033
8.22434944
8.25962789
8.26650700
8.24942989
8.25717989
8.27326056
8.29230856
8.28464022
8.27374433
8.25298267
8.24373989
8.24362689
8.25410589
8.22359367
8.22143378
8.21656900
8.25663111
8.23219022
8.21366367
8.18629322
8.19952711
8.18853800
8.21891556
8.21809689
8.20459911
8.20526489
8.21037311
8.24334800
8.23872800
8.22005600
8.22555778
8.23075300
8.22984900
8.24405844
8.22847767
8.23494744
8.24736633
8.25964744
8.29538678
8.26851778
8.27426133
8.23832300
8.23493378
8.23923800
8.25164133
8.24495622
8.24339278
8.24126333
8.21813356
8.21904900
8.19885644
8.19371422
8.18508911
8.18546344
8.19395478
8.19064922
8.20463389
8.19010478
8.23427822
8.22065067
8.19855600
8.18837278
8.23063689
8.22238878
8.22438467
8.19837833
8.24634056
8.22556767
8.25562422
8.25113633
8.28840500
8.27543944
8.25820900
8.24998689
8.28015889
8.25859211
8.24646722
8.24067722
8.23700667
8.22029367
8.23103878
8.21164589
8.19821611
8.20250222
8.19290822
8.22719389
8.20529378
8.15494378
8.16541578
8.21253489
8.20034167
8.25326878
8.24009833
8.22858700
8.23754478
8.24074778
8.22078056
8.22454900
8.21514789
8.25089100
8.24995233
8.26607067
8.27491533
8.26737967
8.23824211
8.24489511
8.25679844
8.24722133
8.24789356
8.23805433
8.23364522
8.24860533
8.24029600
8.24005589
8.20865144
8.24009578
8.21280311
8.19949989
8.22724200
8.22550300
8.20262511
8.19554678
8.19768622
8.25294011
8.22140644
8.20709667
8.23942856
8.24014878
8.24937178
8.23565256
8.20609044
8.18967489
8.20005578
8.23701144
8.27985878
8.24082911
8.27427133
8.24527122
8.24819000
8.25183256
8.25355811
8.31396144
8.27296533
8.26604878
8.24608233
8.24123422
8.24624000
8.21262422
8.21613733
8.21877789
8.22935278
8.23003089
8.22120356
8.23439556
8.24446278
8.24406433
8.24701800
8.23162122
8.22741711
8.23667311
8.24150967
8.24369511
8.23030989
8.23260733
8.27270233
8.27204289
8.29163589
8.28863744
8.26968400
8.26400467
8.27305167
8.26446189
8.25781878
8.25327633
8.23256644
8.24392633
8.26684478
8.23756256
8.29170344
8.23763889
8.21150178
8.19170544
8.19221678
8.19865611
8.19118333
8.19770800
8.19533433
8.23449989
8.24304756
8.22704767
8.22987289
8.25098122
8.21673244
8.23486556
8.25796444
8.21762889
8.25438100
8.28218944
8.28048489
8.31035878
8.27900144
8.27482333
8.27209178
8.27386300
8.25138933
8.28290500
8.23952444
8.23815133
8.20201444
8.18912044
8.21166811
8.20301078
8.19791122
8.22105878
8.21609822
8.21277011
8.22577922
8.21717156
8.22295767
8.25213989
8.25126222
8.22736900
8.23993344
8.25720789
8.26446322
8.26325189
8.27494678
8.23694700
8.25725800
8.27206378
8.29935878
8.29340567
8.25391433
8.24644867
8.25935011
8.21767233
8.25839700
8.23985867
8.21222178
8.21486967
8.22332844
8.21161967
8.20582489
8.20757033
8.20317411
8.20911011
8.19813778
8.19269544
8.18180078
8.17124256
8.16230300
8.23152678
8.24691256
8.21889433
8.23548889
8.23621867
8.22709689
8.25476678
8.23701656
8.24703289
8.23644600
8.26209667
8.27805644
8.20670167
8.21592867
8.19641822
8.21988033
8.19276767
8.18151633
8.23964378
8.24285678
8.22633278
8.23029389
8.21028878
8.19296922
8.21790733
8.19260189
8.21262478
8.22131856
8.21096122
8.23297833
8.22077478
8.20730433
8.23568589
8.27119356
8.21966533
8.24613556
8.24392033
8.23385300
8.22940467
8.26138022
8.26775489
8.25296789
8.25975978
8.28596256
8.27180811
8.30391822
8.23288989
8.25093878
8.23813533
8.25173667
8.24864900
8.23481800
8.21316167
8.21552267
8.21230944
8.20759522
8.16214956
8.14928000
8.20323756
8.18949778
8.21730500
8.18924433
8.20335733
8.19864322
8.22215744
8.20122056
8.20661422
8.22355611
8.26957922
8.23257389
8.23335944
8.24463311
8.24910978
8.26134278
8.26879944
8.29640456
8.21128511
8.20437844
8.18997200
8.19769678
8.20899222
8.25638811
8.24528211
8.21949333
8.20442189
8.23979756
8.25060033
8.20742578
8.21669067
8.23009189
8.20885711
8.22424733
8.22081933
8.20328367
8.21423633
8.22740222
8.25227078
8.24874778
8.23451156
8.23599078
8.24798956
8.26694989
8.23582222
8.23354667
