11.43418390
8.70076420
8.62465420
8.60642060
8.60813690
8.60064520
8.59657960
8.60652530
8.64119970
8.58564270
8.61113510
8.57416000
8.55533270
8.57768950
8.58058050
8.55634010
8.57507030
8.56305420
8.59725770
8.56965260
8.58376670
8.60058570
8.57446420
8.57231730
8.56487230
8.56491950
8.58075960
8.55234010
8.55967900
8.56242130
8.60565830
8.61866970
8.59496170
8.58237920
8.57785190
8.61322810
8.59879850
8.61140920
8.59905610
8.62057560
8.62412190
8.62930480
8.63583790
8.60135820
8.60533900
8.61192920
8.62074090
8.59096100
8.64162770
8.62470430
8.59181250
8.63828920
8.60847320
8.60042490
8.60946280
8.59676540
8.58057590
8.56806790
8.57662620
8.54359550
8.56583870
8.55211300
8.57815020
8.58184380
8.60064070
8.57356610
8.59215860
8.61032680
8.59901920
8.59364160
8.62918030
8.59550320
8.60157300
8.59536750
8.59687560
8.58554500
8.58308460
8.55783000
8.57971470
8.57232110
8.57525140
8.59336440
8.55529560
8.57374280
8.60236580
8.56750270
8.57935130
8.56089250
8.57182960
8.55729190
8.58202450
8.54652160
8.57213280
8.55088250
8.59947730
8.62065720
8.56831580
8.56440830
8.57224690
8.57485570
8.58530240
8.57204430
8.58910620
8.57522180
8.60568200
8.61239880
8.60274990
8.60879850
8.58586190
8.58911620
8.59304330
8.60147320
8.58227820
8.58076680
8.60652230
8.58830830
8.58784480
8.55976520
8.59218660
8.61244670
8.58515340
8.57043750
8.55949060
8.53374140
8.59948520
8.56163510
8.57723480
8.57511900
8.56036870
8.56865770
8.59612960
8.57544820
8.59561620
8.58922620
8.58389290
8.57558810
8.58691110
8.57512320
8.58319120
8.55971890
8.56164280
8.57438530
8.55734610
8.54494070
8.59753100
8.55372840
8.56231800
8.55333550
8.57037740
8.54794760
8.57631230
8.54963940
8.55158580
8.54406830
8.57405240
8.52213880
8.53698640
8.54993550
8.56323640
8.59897490
8.57309040
8.57149610
8.56880950
8.56630690
8.59453350
8.61334200
8.60749160
8.61518770
8.60928140
8.59487970
8.63262600
8.63116060
8.64534420
8.62171890
8.61618150
8.60505560
8.62225790
8.62579360
8.62775350
8.60133860
8.59813430
8.58722460
8.60172170
8.59719660
8.60391510
8.58873950
8.58291340
8.56762280
8.56810090
8.56645760
8.58750220
8.57970510
8.58385140
8.57766020
8.59929660
8.59347180
8.60566840
8.60514210
8.59751410
8.58463550
8.60000820
8.60234200
8.59205640
8.58784330
8.56712850
8.57628240
8.59511060
8.57868020
8.57675390
8.56996330
8.55673010
8.56905430
8.56703800
8.57384540
8.60933400
8.59648190
8.57251940
8.55839430
8.57310040
8.55831470
8.56189290
8.57857210
8.58175120
8.62783080
8.62166570
8.59619970
8.58944210
8.59551570
8.63952330
8.60459130
8.60996630
8.61635730
8.62188150
8.60791140
8.61488470
8.62063390
8.61640870
8.61212740
8.58503660
8.60173050
8.61276250
8.59410670
8.62710450
8.58735520
8.60484480
8.59218550
8.59894500
8.59204130
8.60313520
8.58029990
8.59676510
8.56180630
8.78302160
8.56692290
8.57385890
8.60511530
8.58923520
8.57002410
8.61001280
8.58695580
8.61219630
8.60811410
8.63371140
8.60969540
8.60170190
8.63585170
8.58049740
8.59295210
8.55213570
8.55556300
8.55695040
8.56087530
8.56271480
8.57449010
8.58982070
8.55093310
8.59065720
8.55121530
8.57035230
8.55005520
8.53859570
8.57068950
8.55810620
8.51630810
8.55200820
8.55023580
8.58639110
8.59844860
8.57596130
8.58848920
8.57761360
8.57351590
8.62196890
8.60085040
8.59740670
8.59713130
8.61784220
8.60629850
8.59732390
8.59818750
8.62768570
8.59950450
8.60126900
8.59602810
8.60166800
8.60051100
8.59780300
8.61774670
8.59658450
8.57964940
8.59036810
8.56980550
8.60297760
8.58372940
8.55562360
8.59368800
8.81155300
8.60933500
8.62823720
8.56474330
8.58644050
8.57062990
8.59331910
8.57758140
8.58741980
8.59776170
8.58365200
8.60145110
8.60879870
8.58491910
8.57015220
8.57996980
8.56300730
8.55865990
8.56566550
8.55326760
8.57423930
8.56218000
8.58878570
8.58712500
8.57515140
8.57182930
8.58070380
8.57517010
8.53761690
8.56605480
8.56222070
8.52960340
8.53814790
8.53667640
8.56451200
8.59618730
8.60207300
8.55658880
8.58243410
8.57547640
8.59432700
8.60241330
8.60583850
8.60933040
8.63847530
8.62543410
8.60227740
8.58900520
8.60288200
8.59920260
8.58433790
8.58408210
8.59746240
8.59924790
8.58932830
8.61913580
8.62502620
8.60245600
8.60405700
8.58691390
8.58355200
8.57381310
8.56995440
8.55417820
8.56549420
8.55052940
8.56303470
8.56230360
8.56259160
8.58655130
8.55166370
8.58215260
8.56403700
8.59570630
8.57869570
8.57786450
8.57904600
8.59454500
8.58467120
8.60517890
8.56079860
8.59955370
8.56873710
8.57874740
8.61480350
8.59830240
8.56357760
8.56554470
8.55843680
8.56098660
8.58948050
8.58301870
8.54497150
8.59625810
8.56312830
8.53796100
8.56261590
8.55100320
8.57039240
8.58637030
8.58821070
8.58039420
8.58000000
8.57784400
8.61269630
8.60883350
8.62626050
8.61711300
8.61498940
8.59807790
8.61989500
8.62274990
8.60972980
8.60042950
8.59254020
8.62231320
8.60690850
8.64860140
8.61112830
8.60953060
8.64360960
8.57943860
8.61002470
8.58496760
8.59700770
8.57446080
8.57118180
8.54816280
8.56685440
8.55421690
8.56050740
8.56232680
8.56293810
8.54569510
8.56682330
8.56752410
8.58453110
8.57953420
8.62052330
8.57741840
8.60472200
8.60310280
8.57822590
8.57485190
8.56929860
8.58001950
8.56149010
8.56439690
8.59255740
8.56522610
8.56262350
8.55277300
8.55780810
8.55493920
8.57527820
8.54707770
8.55841330
8.54171130
8.56371870
8.51606170
8.54426120
8.55662950
8.56222890
8.57203250
8.60923530
8.56736070
8.59855790
8.58059330
8.58834390
8.57198080
8.58842100
8.61069980
8.63597380
8.58041120
8.59448260
8.60628310
8.59149540
8.58154250
8.59338830
8.59497900
8.59358780
8.59614550
8.59398470
8.59382000
8.60428980
8.57445720
8.61267890
8.57205390
8.59500510
8.58897550
8.58590520
8.54728510
8.55138630
8.55023410
8.55265590
8.57173740
8.58891520
8.55707230
8.57491740
8.56286120
8.60841990
8.58469720
8.57396580
8.59170430
8.58763500
8.58001830
8.60072220
8.58224830
8.56658410
8.54936430
8.56991130
8.54549150
8.57600980
8.56587610
8.56291700
8.57566810
8.56694090
8.56164620
8.57995550
8.60210000
8.59176440
8.59929730
8.59906390
8.59752710
8.60350520
8.59061970
8.65587470
8.65811200
8.66703200
8.63450890
8.62159700
8.65631000
8.63476610
8.64168520
8.65206510
8.65293950
8.66341900
8.66616530
8.66500740
8.66511410
8.67286400
8.65011710
8.66401340
8.64970780
8.64880970
8.69477270
8.66057680
8.63857720
8.66805080
8.63302850
8.64653970
8.64345050
8.63820260
8.63155760
8.62578030
8.63437140
8.62065700
8.59357290
8.63572620
8.59558520
8.59156250
8.61813520
8.58584420
8.58080180
8.59914350
8.59646900
8.57135730
8.59168510
8.59116060
8.58570380
8.59678400
8.58687800
8.54157400
8.57854150
8.58022940
8.56252920
8.60021310
8.56411460
8.57901200
8.56935410
8.57917050
8.56145190
8.58905430
8.57712700
8.56870030
8.57316630
8.56644420
8.52476710
8.53761900
8.56608410
8.55876310
8.57767710
8.58027420
8.57683520
8.63484070
8.59709240
8.62800780
8.60122460
8.59718700
8.59269110
8.60934740
8.62055080
8.62110050
8.61244960
8.64316850
8.60183700
8.59755620
8.59393120
8.64614070
8.64398030
8.64091150
8.62568390
8.62091950
8.61017530
8.61137950
8.61757960
8.59589740
8.60221020
8.57010710
8.55198290
8.55919810
8.56359290
8.58090980
8.59014540
8.57978980
8.55744710
8.59379280
8.60217960
8.59015430
8.59993720
8.58506830
8.63599570
8.61584290
8.60797690
8.59369080
8.60071170
8.58199220
8.62556810
8.61680310
8.58903330
8.60608530
8.56255500
8.57463550
8.57042540
8.56158620
8.55509130
8.57826810
8.55516490
8.54821000
8.54934600
8.53664440
8.53552950
8.56640780
8.56361540
8.57661020
8.58682950
8.57545880
8.57379540
8.56921920
8.57285370
8.57456810
8.60168200
8.62451120
8.57520260
8.60323810
8.57870660
8.62317690
8.60813420
8.60838470
8.57682500
8.58363920
8.60897210
8.59815770
8.61055240
8.61228290
8.60092800
8.62007410
8.61423000
8.59034860
8.58923280
8.59008890
8.62160470
8.60675120
8.57664810
8.56609980
8.56824070
8.58402370
8.59327420
8.59415960
8.58165180
8.61246610
8.60499500
8.60584180
8.60250750
8.62492830
8.61402630
8.59908140
8.58783780
8.58516300
8.60952360
8.58609770
8.56311700
8.58861390
8.55245520
8.55658830
8.57172280
8.57640390
8.55972170
8.55654110
8.56645530
8.56946950
8.55297360
8.58687070
8.53327260
8.59210780
8.53078000
8.54944960
8.55321930
8.58907560
8.60389070
8.60620850
8.59235110
8.60247710
8.58551870
8.59539580
8.59359850
8.58881640
8.61350140
8.61025970
8.62756850
8.60517860
8.60332830
8.61004740
8.59187000
8.58290720
8.59067250
8.59351650
8.61996180
8.59691990
8.60218960
8.58386460
8.57930220
8.58213950
8.58030340
8.59247460
8.59749060
8.56339660
8.54783110
8.59616610
8.55632480
8.55761820
8.57173970
8.55831220
8.57120100
8.57160770
8.56938370
8.58582890
8.56980610
8.58310600
8.58020390
8.58512160
8.57938520
8.56442380
8.59048520
8.54720400
8.54195070
8.54921220
8.53759830
8.58919450
8.56770220
8.56085620
8.58637120
8.57899380
8.57039920
8.58673600
8.57555940
8.55776690
8.55752550
8.58236620
8.53942570
8.57607070
8.55085460
8.56682060
8.59464940
8.57194690
8.56159680
8.60990590
8.59124250
8.59606260
8.58066190
8.60548330
8.59951720
8.62156780
8.61312920
8.62736270
8.60168120
8.62167460
8.60119340
8.59959250
8.57641980
8.59716420
8.59737660
8.58632020
8.58502930
8.59334250
8.59859920
8.60155770
8.60878100
8.59867290
8.59955570
8.57439270
8.57242280
8.57947780
8.57409490
8.54800720
8.58370330
8.56647390
8.57027300
8.61040880
8.60100830
8.60459470
8.58016050
8.59290680
8.57996780
8.60645970
8.57711270
8.57285290
8.57643860
8.58831880
8.59660870
8.56375010
8.55676880
8.57285450
8.55922400
8.58895450
8.60150260
8.58189970
8.58231870
8.57515980
8.55581600
8.55758950
8.56455590
8.55255950
8.53835860
8.58244720
8.54927310
8.57747680
8.61290760
8.58717420
8.57703730
8.57668410
8.56277160
8.58981510
8.60424540
8.58698520
8.58131080
8.62976650
8.60571660
8.61386000
8.62553350
8.60174090
8.59703700
8.59068740
8.60357390
8.59607610
8.61639220
8.64065680
8.59661280
8.61255970
8.60329530
8.59574680
8.64528640
8.60032360
8.58998070
8.58564320
8.56189280
8.60113430
8.57105100
8.59362670
8.58612630
8.59921600
8.57199550
8.75866670
8.60186970
8.60490190
8.59791730
8.59993970
8.60108660
8.57818540
8.61458640
8.57738320
8.60455830
8.55249690
8.56587390
8.57590470
8.56727280
8.58343410
8.55674020
8.58310330
8.56039800
8.57239080
8.55656400
8.56102440
8.54587610
8.56493470
8.54438530
8.54500230
8.53002680
8.56732100
8.54819150
8.62265820
8.61498570
8.60951070
8.58926180
8.61147880
8.58126710
8.60844230
8.63096880
8.62005380
8.60956860
8.66155630
8.62749530
8.62862530
8.61237460
8.61012790
8.59451400
8.63317580
8.62955510
8.60157640
8.60260150
8.62478950
8.61286570
8.60974340
8.58559150
8.60508660
8.59942970
8.59261770
8.59171580
8.59907900
8.56781570
8.58788510
8.56532320
8.59176460
8.59395260
8.57945370
8.59467420
8.57809250
8.58352160
8.59453700
8.59655110
8.61005720
8.66121630
8.59877420
8.60364990
8.59963900
8.60422880
8.57808420
8.56762180
8.58359150
8.55464890
8.57506230
8.56521080
8.58017970
8.57584190
8.57425730
8.56656290
8.57172220
8.54842360
8.56804980
8.55423530
8.56824640
8.50788210
8.55755960
8.57801020
8.57527630
8.59946290
8.61367190
8.61399450
8.56664870
8.55226950
8.57588660
8.60789080
8.60517270
8.60382550
