11.49516027
9.87456427
9.81813227
9.78098082
9.76866455
9.76042136
9.75198645
9.75585545
9.70766400
9.78247309
9.76599382
9.77516727
9.79003309
9.78294145
9.78932727
9.80577809
9.77268455
9.77296809
9.79795036
9.79526909
9.76820264
9.77884818
9.75299373
9.75309673
9.79202882
9.75835418
9.76861836
9.76466436
9.77995855
9.77405018
9.80299436
9.78580918
9.76790209
9.80621573
9.75826664
9.75319264
9.81768364
9.77464382
9.74498973
9.73475064
9.76885355
9.75475873
9.74539400
9.77753927
9.76193845
9.79494009
9.78870564
9.81510055
9.77132382
9.77644045
9.77965427
9.78989609
9.74965455
9.76991718
9.77333109
9.74442900
9.77853773
9.78640845
9.76993391
9.77193791
9.77651891
9.80720027
9.81388436
9.81977282
9.79174091
9.81301436
9.76941400
9.81798518
9.78241173
9.75716136
9.76973609
9.76645609
9.77407400
9.76353409
9.77761336
9.80205282
9.77503036
9.79827345
9.78029800
9.78380018
9.77565291
9.78598627
9.76474655
9.78188273
9.76329145
9.80996018
9.76209673
9.75829018
9.77860655
9.76172982
9.76659264
9.79993991
9.78062327
9.75779845
9.80821773
9.79684245
9.74836682
9.78613227
9.77382455
9.77240682
9.75499100
9.76379855
9.76283155
9.74680745
9.74367855
9.76518009
9.76280545
9.78863291
9.76190791
9.78113882
9.80075282
9.82219045
9.78611309
9.77042364
9.80723264
9.78483718
9.77233664
9.75354918
9.78356345
9.75026645
9.75727245
9.77090364
9.76756018
9.77345800
9.77217318
9.79115291
9.76926391
9.80811455
9.78237536
9.75685218
9.75937082
9.75474127
9.76667373
9.76536009
9.75519773
9.73278809
9.78384109
9.83626145
9.78967964
9.77603827
9.76745555
9.75200227
9.81026300
9.79674145
9.77374082
9.79408564
9.79492291
9.78174836
9.77907964
9.77301218
9.74891673
9.75992609
9.73980245
9.73123700
9.74262055
9.77435836
9.74664082
9.78093664
9.77641264
9.79933864
9.74561064
9.74651045
9.79298400
9.75369800
9.76794409
9.73503582
9.71206282
9.74819536
9.76310500
9.77080573
9.76423518
9.75427400
9.74459055
9.78014418
9.78765218
9.80841945
9.77541655
9.77762818
9.85094118
9.79112445
9.74367427
9.73885736
9.74900473
9.72018900
9.74553082
9.72855236
9.74530691
9.73971409
9.74022064
9.77165009
9.78304536
9.77421127
9.74471782
9.77676555
9.74932891
9.77450664
9.77662245
9.76308409
9.75350482
9.76130973
9.76070191
9.77380436
9.76846055
9.76704500
9.76285655
9.79741836
9.80386164
9.79378445
9.79484973
9.78168845
9.76139018
9.77873836
9.75624309
9.74697555
9.75519973
9.76316664
9.77651055
9.74446327
9.76316227
9.79030764
9.75589427
9.74173300
9.79908673
9.78953800
9.75980764
9.78582036
9.75332027
9.78409364
9.77769791
9.75018945
9.75743791
9.75579682
9.75140818
9.75419491
9.79809764
9.75681818
9.75926818
9.77612464
9.82220491
9.82312764
9.78454255
9.78112027
9.75057473
9.77535727
9.78054855
9.79318955
9.75799618
9.74046345
9.77103291
9.77114345
9.76941682
9.80600145
9.76583282
9.78919555
9.79252909
9.78913945
9.75370627
9.78823745
9.76128264
9.76375755
9.75348073
9.76788318
9.75873636
9.77707282
9.69962118
9.74542400
9.70452709
9.74154936
9.75974636
9.81875064
9.79662236
9.77340027
9.78001873
9.76224964
9.76196127
9.77213064
9.76133491
9.76236136
9.79080955
9.75194218
9.72195073
9.71607745
9.75968300
9.78305082
9.75960118
9.77633427
9.78774736
9.78147591
9.77340318
9.80299455
9.77971773
9.78174345
9.76618518
9.77573882
9.76976164
9.75445509
9.78060936
9.77386536
9.78570273
9.77237782
9.79167282
9.79498845
9.79503564
9.81868455
9.82727100
9.79777791
9.80428191
9.79176045
9.79383782
9.76648645
9.77426355
9.78370227
9.79142682
9.78459400
9.77593245
9.75856182
9.73343945
9.77177682
9.80244736
9.81004355
9.79131191
9.80417236
9.75686773
9.80385955
9.71681818
9.71777400
9.75311009
9.73488936
9.75671373
9.74501736
9.77913355
9.77890418
9.78448982
9.77653009
9.82153009
9.79465200
9.78499064
9.79593782
9.79144555
9.76091527
9.77416473
9.76631373
9.77617691
9.76582400
9.76641827
9.77115064
9.77640382
9.95233482
9.78090500
9.75000082
9.79281091
9.79616936
9.74805800
9.76581391
9.76474545
9.77318436
9.77110791
9.76459400
9.74211864
9.76429027
9.77819782
9.77104145
9.75522145
9.77325191
9.74874445
9.78897009
9.80601627
9.81764455
9.77987236
9.77735664
9.76625564
9.80219073
9.78028455
9.76053491
9.74380973
9.77624927
9.72336400
9.71997136
10.01498636
9.82403036
9.82265791
9.77819336
9.84058518
9.87616618
9.77465573
9.78741064
9.76614191
9.76850173
9.75858718
9.79774645
9.74530764
9.74528282
9.77540955
9.76671236
9.77382527
9.78100282
9.77499073
9.76822227
9.80192609
9.81109964
9.79623118
9.78522891
9.76523464
9.78473836
9.77396955
9.78945673
9.76365673
9.75247318
9.72712991
9.70383936
9.74824982
9.76978845
9.77929400
9.76410655
9.79161909
9.78064936
9.76436973
9.78429891
9.76628945
9.77157018
9.77029191
9.76514955
9.75181836
9.76584500
9.76256818
9.80902009
9.79208336
9.77942391
9.76049355
9.76718327
9.79079882
9.80257982
9.77690509
9.78766927
9.83610018
9.82956264
9.80076382
9.79715573
9.79854327
9.78606273
9.81917782
9.76563973
9.76046082
9.77482636
9.79001127
9.81163873
9.85850673
9.85810936
9.79004727
9.84032382
9.78422736
9.81670191
9.80922282
9.78744136
9.77658127
9.81177900
9.80039991
9.81124018
9.79354391
9.80772018
9.79203200
9.81028891
9.83448945
9.84143618
9.82821964
9.80671173
9.80794455
9.81122209
9.80589418
9.81723973
9.77013409
9.74677336
9.76047191
9.79188027
9.75752891
9.76555136
9.76533427
9.77213545
9.78069045
9.80695582
9.75504745
9.78565991
9.77347027
9.75695900
9.73532209
9.72608282
9.73615618
9.77173718
9.76562282
9.76097945
9.78610427
9.79291609
9.76503018
9.79250436
9.81284718
9.81789455
9.77015036
9.76905273
9.77236336
9.78321882
9.75719200
9.77433945
9.77869882
9.75174000
9.79996936
9.77568364
9.79550191
9.76148673
9.75223436
9.77728482
9.81880755
9.81101655
9.76947064
9.78392818
9.78263827
9.77408300
9.76892845
9.74873855
9.79103018
9.79349300
9.77090191
9.76887800
9.78381891
9.77635927
9.74864718
9.72130264
9.77561155
9.78670191
9.73762145
9.76171064
9.77765873
9.77483955
9.81305264
9.81020418
9.78052155
9.81437791
9.80789936
9.79712382
9.77639464
9.78921409
9.79636100
9.80984891
9.84277782
9.81102245
9.79349773
9.82451518
9.79609309
9.79588164
9.76899073
9.78369936
9.74643209
9.76618209
9.75229718
9.77572455
9.80498155
9.78928373
9.76943255
9.77848764
9.76619273
9.79383055
9.80530727
9.77789800
9.76674364
9.78484191
9.76211545
9.77156273
9.77335836
9.75896891
9.74337418
9.77721145
9.75873300
9.76344582
9.79132273
9.75122145
9.77188082
9.78886364
9.73622227
9.77459755
9.75876682
9.75119345
9.76184900
9.75736336
9.75585582
9.76491627
9.75360918
9.78449155
9.76649709
9.79098209
9.81621509
9.76719391
9.78189755
9.81540918
9.79195845
9.78172336
9.78469409
9.79587827
9.77106127
9.77266182
9.73600800
9.75325055
9.74579645
9.71250255
9.78541991
9.77346055
9.76185509
9.78642227
9.80378400
9.80439255
9.77625982
9.79960009
9.76137173
9.76100645
9.77374882
9.77581318
9.76316900
9.73752000
9.77799645
9.77156718
9.78833500
9.77656345
9.74985027
9.78129109
9.80139364
9.80264391
9.78837973
9.80253509
9.79457109
9.79709818
9.79040427
9.79782064
9.76177073
9.76138109
9.77410282
9.76482645
9.77469282
9.78991300
9.77335473
9.79143055
9.79715264
9.80728827
9.75340645
9.77097882
9.74726191
9.75725564
9.78968982
9.74648964
9.76629073
9.75425227
9.76381409
9.77133136
9.77640482
9.78032709
9.79737709
9.78724191
9.79900764
9.79610636
9.77913155
9.79114491
9.78728082
9.78715591
9.77852700
9.79480182
9.76640427
9.76279091
9.77766782
9.74654845
9.77704518
9.77214364
9.79737336
9.77036355
9.81568455
9.82027064
9.77595427
9.78996545
9.77564091
9.76403791
9.74714618
9.77698055
9.80660009
9.77607327
9.78677982
9.76086527
9.76380373
9.75664873
9.76402555
9.77759927
9.78157545
9.79597800
9.78776900
9.78152509
9.77621882
9.78530982
9.80285745
9.78474582
9.75399027
9.76115100
9.75317227
9.78272455
9.75645745
9.78531273
9.76873436
9.80994909
9.81185127
9.81329764
9.76919127
9.80761745
9.78170000
9.76563164
9.78590918
9.75980764
9.76449064
9.75709273
9.76838909
9.76410727
9.76191564
9.76935827
9.78344573
9.79777800
9.78643436
9.81113745
9.77157636
9.77283900
9.80038945
9.77783155
9.78450027
9.75662300
9.77238491
9.75344309
9.77795145
9.74266945
9.75676145
9.79820836
9.75120145
9.75185627
9.77300018
9.80443109
9.78153300
9.80075136
9.77966091
9.76647373
9.76269645
9.76037300
9.74646236
9.72527336
9.73702700
9.71943682
9.72037236
9.75833864
9.76012064
9.79472309
9.78189827
9.82806782
9.80057355
9.78394836
9.76344955
9.77325073
9.77265209
9.77813136
9.76592100
9.73797755
9.77915509
9.76589318
9.76412618
9.77381936
9.78090182
9.77331045
9.80157091
9.78611645
9.77589482
9.79198573
9.78119745
9.75661736
9.77331155
9.75239691
9.74777400
9.74880755
9.76431882
9.77888455
9.80857264
9.78126227
9.76123100
9.76378182
9.74853609
9.80669300
9.81107027
9.79044973
9.78673464
9.77626327
9.76421745
9.80266200
9.78383045
9.76152709
9.83385518
9.77769882
9.76436727
9.76807855
9.75343864
9.78020982
9.79157364
9.80035836
9.79240882
9.79737918
9.78974236
9.75461318
9.77956764
9.71383082
9.74252655
9.72818355
9.74954336
9.74109482
9.72395836
9.73023727
9.75734091
9.78900327
9.79776355
9.82629791
9.80212600
9.82013464
9.81667709
9.77386636
9.74670345
9.70971036
9.74674755
9.74283027
9.77633636
9.77148909
9.74873355
9.78904282
9.78071245
9.80262218
9.80686945
9.84721800
9.77640700
9.77711009
9.76434409
9.74676182
9.73814455
9.78315318
9.73630755
9.75031891
9.77140718
9.76659118
9.77124664
9.75453291
9.72411800
9.75354945
9.74689464
9.80314500
9.76101300
9.79532964
9.77446145
9.78645036
9.78629464
9.78919155
9.76296845
9.76945600
9.76413182
9.73997745
9.76155555
9.76963573
9.75038082
9.76665291
9.79934145
9.78902064
9.76303636
9.76323136
9.79483273
9.76081791
9.79223000
9.74593709
9.75866918
9.74372727
9.72897755
9.77976000
9.80329409
9.79797527
9.75774064
9.79815509
9.81261318
9.79207564
9.79233791
9.78438300
9.79955764
9.77774518
9.73623091
9.76762573
9.76404300
9.74362264
9.73044382
9.90865791
9.79888755
9.84325027
9.86223182
9.83163400
9.86670055
9.85223609
9.80836000
9.81591355
9.82763936
9.80964945
9.79046291
9.81860827
9.77491491
9.78958700
9.79841318
9.79491373
9.80298600
9.77553245
9.81918909
9.79771300
9.83908491
9.86541264
9.83784464
9.81622782
9.80443155
9.80273764
9.74355982
9.78863536
9.77207300
9.78010236
9.77370755
9.78036118
9.77862082
9.77588691
9.76122091
9.78258455
9.80129082
9.80816373
9.77687445
9.77451782
9.75728609
9.75851091
9.76575473
9.73972755
9.75140664
9.77808618
9.80321536
9.78550782
9.77389291
9.78385227
9.79984555
9.80201145
9.79353991
9.81681036
9.80893609
9.78117536
9.76749327
9.77947045
9.97502182
9.75605018
9.77191173
9.74925682
9.77773600
9.75110018
9.76501273
9.77450636
9.79338736
9.79344645
9.81560900
9.78731727
9.78632727
9.78552145
9.75481818
9.77301218
9.78276755
9.77024491
9.75042491
9.76123909
9.75496409
9.77276336
9.82329600
9.79739509
9.78349482
9.79616491
9.80481118
9.83341745
9.79393082
9.76769927
9.78614945
9.78568518
9.77348364
9.76194736
9.79268336
9.76169627
9.77933655
9.77083782
9.77128327
9.77661864
9.76265718
9.77740455
9.78986991
9.81000118
9.79748473
9.78589200
9.76836309
9.74677118
9.77670545
9.85201200
9.72178382
9.74881745
