13.37932667
10.46919800
10.44838700
10.43350617
10.40234833
10.41792258
10.39710692
10.44524567
10.44697525
10.42864317
10.43855442
10.45267542
10.43243917
10.42545717
10.49071342
10.47516708
10.43362483
10.42845742
10.42914642
10.44006717
10.46793633
10.41286033
10.44907975
10.41939350
10.39298183
10.39771717
10.41643058
10.39877675
10.42274358
10.93054525
10.42356625
10.45429150
10.41308158
10.41143742
10.43080267
10.39521300
10.42278692
10.42261317
10.41714667
10.45486992
10.42160350
10.42132900
10.45161742
10.44769617
10.45517667
10.45802267
10.43845467
10.41999067
10.43532592
10.49762817
10.41382292
10.41032033
10.43433900
10.42036517
10.42944117
10.40547542
10.38039017
10.42029783
10.38727550
10.39975158
10.36396483
10.39754458
10.38988050
10.36570808
10.36620233
10.40356650
10.42222650
10.41170808
10.38480500
10.42059233
10.40844525
10.41267142
10.43352083
10.44679792
10.42715517
10.42315575
10.43250708
10.43800333
10.43657617
10.41252508
10.42728508
10.43282517
10.43329033
10.45417058
10.45881625
10.38695842
10.39206408
10.37743058
10.39976350
10.39953167
10.38652825
10.37474317
10.42494492
10.43841967
10.41188250
10.41763500
10.40149258
10.40400875
10.45835433
10.41325833
10.41192233
10.43106558
10.42102350
10.43269650
10.44567758
10.46032025
10.43673967
10.45973433
10.43831558
10.46638125
10.44714017
10.42175217
10.44473900
10.44037908
10.42867008
10.45259625
10.44199750
10.40812133
10.41833992
10.45481342
10.43361817
10.37629150
10.39031358
10.36212808
10.38803775
10.42525258
10.40295992
10.38514992
10.41332858
10.40029383
10.41145892
10.39610258
10.39138975
10.42379008
10.40300058
10.45319775
10.41079842
10.41599892
10.43100075
10.41040733
10.43160267
10.43171700
10.42709717
10.42995700
10.42570342
10.43778233
10.41327025
10.40266050
10.39917933
10.43631008
10.40084650
10.40595333
10.38821050
10.39697150
10.37747925
10.39546033
10.41151642
10.43187575
10.42240358
10.40615092
10.40608833
10.43250792
10.44701875
10.43926867
10.44299567
10.42749950
10.44228592
10.45081075
10.42940625
10.43774392
10.42678375
10.46774708
10.45138275
10.48079767
10.47312750
10.42507900
10.47008150
10.45021050
10.40980975
10.41766375
10.45357608
10.45827358
10.50191542
10.43983983
10.40733883
10.39070942
10.40697150
10.36898275
10.38576958
10.41091567
10.38164792
10.37080150
10.38620392
10.37915017
10.41145933
10.39777000
10.40421025
10.40811017
10.39904050
10.43569875
10.43054358
10.44733808
10.46570692
10.43211633
10.42267058
10.44879058
10.44692075
10.41431908
10.42221967
10.43548933
10.41760325
10.42703608
10.42454092
10.44379642
10.42699550
10.41638225
10.39451358
10.40486842
10.40045350
10.39086475
10.41646850
10.42553400
10.45238433
10.41773467
10.43636375
10.41074000
10.44118742
10.44596858
10.41925342
10.42571383
10.44780408
10.41427583
10.43710000
10.42701267
10.44743475
10.45420367
10.44748933
10.42349100
10.43820683
10.43357467
10.42441408
10.47071258
10.43987358
10.42129392
10.41293433
10.40682275
10.43672817
10.40409925
10.41150142
10.43562925
10.41230783
10.36264033
10.38704692
10.42370767
10.41968058
10.38106000
10.38327233
10.42351350
10.44663850
10.42636575
10.43304008
10.41513367
10.43873250
10.44663308
10.44023867
10.44052083
10.42510742
10.41184658
10.42534758
10.43273817
10.43700633
10.46292842
10.42318608
10.41602608
10.52739450
10.43659758
10.42912050
10.44764625
10.42971425
10.42062892
10.40493608
10.41047392
10.40667333
10.41424842
10.42596075
10.42191350
10.46929408
10.42019517
10.40418183
10.42320700
10.44211417
10.41473425
10.41042875
10.44392500
10.42935825
10.43650442
10.41579100
10.43889533
10.45301308
10.43819283
10.45124883
10.44686008
10.42594917
10.41919392
10.44700000
10.41503633
10.42871950
10.43374767
10.41698525
10.39316067
10.42394217
10.41567817
10.38804925
10.38941858
10.39294558
10.37532117
10.40027842
10.37338933
10.38745142
10.38303500
10.36833967
10.39534175
10.39977725
10.43830158
10.40969575
10.40868892
10.40592992
10.41551758
10.39050133
10.42088642
10.56582500
10.45617350
10.43454242
10.45203125
10.47076008
10.43013217
10.44158558
10.43545333
10.42158333
10.47244317
10.42513275
10.45688683
10.45831350
10.43597733
10.43389808
10.42162800
10.39136483
10.40228908
10.38272042
10.40977467
10.42359642
10.43753617
10.42535950
10.41755733
10.45188917
10.43859408
10.39289167
10.42902233
10.41313492
10.41085200
10.43955858
10.45104183
10.42277600
10.45628700
10.43614642
10.44572858
10.44046108
10.44581250
10.44804392
10.45235017
10.45005942
10.43642717
10.45427833
10.40503542
10.46786983
10.41361650
10.43621000
10.42561700
10.39077408
10.40619017
10.38462433
10.41231192
10.40558017
10.40477308
10.38863892
10.41245483
10.42978117
10.42337025
10.42833025
10.47872242
10.44762667
10.45151025
10.45362233
10.47659617
10.48502383
10.45158242
10.46985167
10.48198267
10.45405900
10.49244575
10.45269842
10.44615617
10.43953108
10.41297700
10.44184183
10.41382800
10.40982492
10.44522533
10.41901033
10.42645483
10.41829575
10.42529775
10.41337983
10.45480675
10.44364400
10.45021858
10.42917217
10.43184133
10.44796108
10.42779292
10.42772233
10.45375133
10.44624167
10.46386000
10.44255225
10.46276567
10.47845842
10.45061342
10.44772458
10.48092708
10.45957933
10.45898350
10.45421817
10.45188367
10.45054783
10.41690450
10.45265642
10.41110950
10.42924558
10.41607558
10.41752958
10.42256050
10.40891258
10.38267708
10.39894433
10.40820033
10.42057633
10.38767458
10.40395217
10.37381875
10.45560200
10.42747492
10.41574992
10.44576933
10.41432833
10.42073233
10.43990067
10.41609075
10.43256817
10.42299875
10.44435308
10.44306967
10.44140658
10.41663658
10.42150867
10.43499883
10.42482667
10.40242125
10.41702875
10.39491583
10.40556217
10.44191992
10.41033233
10.40295933
10.40296058
10.39531908
10.41599850
10.39908108
10.43224842
10.41462767
10.45054875
10.44818008
10.46561533
10.43418783
10.40535800
10.45636625
10.41150758
10.41523033
10.44934708
10.44219067
10.44669000
10.45659517
10.44371475
10.43883533
10.43786283
10.44152508
10.44982542
10.43324567
10.42599992
10.42607975
10.40661333
10.42343542
10.41330908
10.40415975
10.41429167
10.39322442
10.37360350
10.36645217
10.36613300
10.39467967
10.38058525
10.39984633
10.39428975
10.39762492
10.44883967
10.43020650
10.42962392
10.46376475
10.50604800
10.51891350
10.55028983
10.52754400
10.56058767
10.53420183
10.54264083
10.54687567
10.56101375
10.52009733
10.53408067
10.52241575
10.52382700
10.52201833
10.49980875
10.47378667
10.47306117
10.44457333
10.45363000
10.43320225
10.42250350
10.38545150
10.42122275
10.39382267
10.43491958
10.42990492
10.39167733
10.41599650
10.41523675
10.44714450
10.42311975
10.42277008
10.43425558
10.40769775
10.42940650
10.43315600
10.44267958
10.45761592
10.43066850
10.45362025
10.45990833
10.42333367
10.44393842
10.42503133
10.41553117
10.44687275
10.41400750
10.44024017
10.39556450
10.41213108
10.40189500
10.42917292
10.35499267
10.36892358
10.36161300
10.37453550
10.39766533
10.36660667
10.39372167
10.39063383
10.40183683
10.41738575
10.40977233
10.45255083
10.44463167
10.44372158
10.42647233
10.42380158
10.43598883
10.42957217
10.45554550
10.40929817
10.43586600
10.42896108
10.42216125
10.41966925
10.41769142
10.43298008
10.39782233
10.38503117
10.39921842
10.37095500
10.39594025
10.40150525
10.43128842
10.39077850
10.39625192
10.41587025
10.44078675
10.39726667
10.40346792
10.41296808
10.42117100
10.39602192
10.41084658
10.41856967
10.44377642
10.43886650
10.45964392
10.44003492
10.44069917
10.45718725
10.44509142
10.46556508
10.43154800
10.44465817
10.42936625
10.42495800
10.42019925
10.42578858
10.44503450
10.42976350
10.42015650
10.41119025
10.38488533
10.41137875
10.39416675
10.36307542
10.37292817
10.37319525
10.38485767
10.38662908
10.39593442
10.42934558
10.41417417
10.45961050
10.44663525
10.42004675
10.43081525
10.41844542
10.42526300
10.44601400
10.45072600
10.43444442
10.46794892
10.40996242
10.45267075
10.43929233
10.44071542
10.43489683
10.42710608
10.42457075
10.41379467
10.42461275
10.41976342
10.40119042
10.41240767
10.39085617
10.42281717
10.42853100
10.41488458
10.40363733
10.42008642
10.40475658
10.39373967
10.39429133
10.41769483
10.41670083
10.41749758
10.42277783
10.42645708
10.41144817
10.45292842
10.46894267
10.44635450
10.46638950
10.43500883
10.44660483
10.41288775
10.44972692
10.42524550
10.42329958
10.42333475
10.45488475
10.42773008
10.40351858
10.42842492
10.40912692
10.43741633
10.35835892
10.38966008
10.37994000
10.37658442
10.41245408
10.39412042
10.37230967
10.36459250
10.38055542
10.40065725
10.38841842
10.40546525
10.45434642
10.40656075
10.41474867
10.43674933
10.42309250
10.42667083
10.40930550
10.42032175
10.44967850
10.43435408
10.42763358
10.42715575
10.41893733
10.41603050
10.41490292
10.41524158
10.39884950
10.39733083
10.38887425
10.40233975
10.37571258
10.39731308
10.37417192
10.41293758
10.42149342
10.45064100
10.46607092
10.40891483
10.43573108
10.45194683
10.41784242
10.42204367
10.43104225
10.44764733
10.42487500
10.44544025
10.43265208
10.45518408
10.43109392
10.44493583
10.46280425
10.45158267
10.41116025
10.41913525
10.44335100
10.42098650
10.41624625
10.43149292
10.39846467
10.40508433
10.42056192
10.40747450
10.39252558
10.38133567
10.38349283
10.38240575
10.39961325
10.39553575
10.37501717
10.36517292
10.39577017
10.43289075
10.40864625
10.44306700
10.46948583
10.41262750
10.46060475
10.45729900
10.44398008
10.48045108
10.44025608
10.45382717
10.47337317
10.46848792
10.43876292
10.43819483
10.44483975
10.41210392
10.42062050
10.40902050
10.40825867
10.46260783
10.43257775
10.45860458
10.42109000
10.42115100
10.38506967
10.45444408
10.43593675
10.46646425
10.43725400
10.43638583
10.44978867
10.47670700
10.44825067
10.43881192
10.45434192
10.43487992
10.41995183
10.44662125
10.51637567
10.51597383
10.49003875
10.47905417
10.48673117
10.51982133
10.44438875
10.50528933
10.46613667
10.46880217
10.42287150
10.41685033
10.40693500
10.41511550
10.41949633
10.43880642
10.40646642
10.39769575
10.35900525
10.38250842
10.39858525
10.42474625
10.40356117
10.38157900
10.44383367
10.45775892
10.41412717
10.41520817
10.43899942
10.42599233
10.39666242
10.40857967
10.41668783
10.43496417
10.41750708
10.40721983
10.45361358
10.45525125
10.41786867
10.41758033
10.43724117
10.44255650
10.42880350
10.42964567
10.40450875
10.40917175
10.37364258
10.38778225
10.40297600
10.39663075
10.37773833
10.39316775
10.41840108
10.44260275
10.41013342
10.42539467
10.61116292
10.42989775
10.42231950
10.43098458
10.40557517
10.40995067
10.44715075
10.41953767
10.41874508
10.44875067
10.45225250
10.43376183
10.45311017
10.44059975
10.44075933
10.42724508
10.42843125
10.44973467
10.47037017
10.43067017
10.41147625
10.41742800
10.43128150
10.40428742
10.40377175
10.37782408
10.38615892
10.39025067
10.41309133
10.41089825
10.38096142
10.37254800
10.39193125
10.41874200
10.41240817
10.42651492
10.46328108
10.39590283
10.41409267
10.44473000
10.43712508
10.45292550
10.43763133
10.44304825
10.44784383
10.49106267
10.41566267
10.41381708
10.47213408
10.42741558
10.45260158
10.45535167
10.44837925
10.46305058
10.42837733
10.39202867
10.38832442
10.38787542
10.36502600
10.41084850
10.39644233
10.46479425
10.41616233
10.39284092
10.41937408
10.45425167
10.44866500
10.43689650
10.43544583
10.43362267
10.43742758
10.42761433
10.45980267
10.50457508
10.45504183
10.46558933
10.47208925
10.48219058
10.45713242
10.45318467
10.42785658
10.42580217
10.42663667
10.45388167
10.41679783
10.43121117
10.43552300
10.41353300
10.38975308
10.39554692
10.39106667
10.39450433
10.39116217
10.42258633
10.38095200
10.38788350
10.38205258
10.40635075
10.41676175
10.42124742
10.44677625
10.45681442
10.40857750
10.43482467
10.43442850
10.42498733
10.43598850
10.43829983
10.45787058
10.42984633
10.41564108
10.40595975
10.41629842
10.42590075
10.41232525
10.41619100
10.38768150
10.42238658
10.38335675
10.36939425
10.37785758
10.37384800
10.38607625
10.40261542
10.40636558
10.42618592
10.40087483
10.41397700
10.42638583
10.43183367
10.41775908
10.41794042
10.41954950
10.43268383
10.43479042
