13.49078708
11.66921385
11.54668300
11.52402892
11.53089838
11.52498977
11.53622446
11.54433669
11.52850146
11.54515908
11.57039946
11.55990023
11.61071123
11.61621715
11.53357354
11.55705515
11.53131554
11.54297515
11.56571215
11.50047262
11.55238992
11.51211269
11.53615654
11.46272685
11.48872992
11.43040346
11.45662569
11.53732669
11.53878285
11.51998608
11.53407231
11.57826746
11.58860231
11.51866723
11.53542185
11.55726808
11.56205723
11.53576846
11.56362846
11.53351915
11.56159608
11.58084954
11.56785146
11.57882908
11.58079785
11.58030523
11.56005777
11.60665985
11.56218585
11.58000400
11.58185200
11.54235685
11.54919031
11.55310269
11.54867015
11.56003615
11.57470923
11.55749369
11.56324800
11.57635385
11.55194815
11.56479323
11.56925823
11.53404562
11.54290438
11.50493269
11.52517538
11.52747077
11.57026208
11.52443631
11.56444777
11.57082762
11.55035146
11.55607692
11.56965208
11.58816062
11.58734269
11.56424262
11.61773938
11.58911177
11.58593100
11.58400546
11.56348969
11.57489615
11.55318692
11.51069354
11.51615908
11.52567346
11.53746600
11.54164508
11.53358408
11.54504431
11.52569508
11.55562623
11.53582031
11.53511200
11.55297577
11.52795069
11.51265085
11.47986469
11.47124562
11.45892862
11.46096546
11.46711846
11.47117500
11.43491892
11.45607969
11.44534762
11.51061023
11.49226969
11.53876762
11.55427231
11.55555700
11.53034062
11.54186023
11.54229062
11.53113854
11.50717323
11.55788131
11.55020792
11.50544992
11.46592523
11.49493700
11.54645900
11.57215146
11.56909562
11.55767338
11.54744262
11.53744023
11.50959631
11.56055146
11.53091277
11.51521869
11.42742431
11.44893523
11.43941777
11.45722600
11.41406615
11.42987354
11.43016192
11.46370292
11.45444492
11.45377608
11.47216777
11.56477669
11.53232954
11.52341469
11.54477123
11.54243315
11.50776108
11.53054177
11.55076385
11.53685415
11.54786938
11.58032531
11.55454000
11.55498262
11.54275692
11.58451600
11.55932185
11.52985131
11.47012908
11.46775769
11.45580123
11.44711485
11.43878946
11.46777315
11.49188992
11.44393285
11.43862285
11.48852246
11.48439523
11.49644377
11.52555969
11.49800231
11.51131131
11.53247069
11.50183438
11.50410385
11.48240346
11.52416485
11.45441877
11.48212338
11.52002823
11.46700054
11.48876469
11.50346646
11.48427908
11.53027838
11.51936185
11.47657154
11.51329292
11.47215992
11.46693815
11.47565500
11.44917769
11.45017985
11.45164708
11.56302823
11.56297469
11.55387846
11.55864838
11.57884715
11.60837754
11.61867131
11.59045208
11.57971815
11.59495154
11.58996646
11.54215438
11.57878969
11.53666792
11.55707508
11.53722931
11.57459769
11.56730600
11.50386785
11.49720400
11.53547346
11.78027592
11.59884446
11.50334254
11.55093808
11.55720885
11.57188569
11.52597538
11.51472500
11.51494477
11.54167223
11.49537285
11.56186054
11.57306169
11.55730869
11.55836715
11.76350831
11.57568408
11.57596800
11.56267185
11.55754377
11.54276854
11.56163800
11.56212515
11.57466200
11.51353692
11.53144031
11.51246815
11.53070669
11.53602331
11.56486777
11.50987323
11.53922369
11.53675254
11.55795285
11.53367877
11.58450823
11.53635823
11.52887169
11.54492185
11.51611654
11.52653215
11.53067038
11.53547177
11.57056646
11.53563169
11.53566377
11.51773915
11.55747023
11.55506785
11.57160508
11.56416492
11.54326192
11.55758154
11.54178892
11.53256969
11.53514285
11.51826538
11.53391062
11.49043662
11.50267862
11.55599815
11.53239985
11.49344962
11.52342354
11.56068077
11.53251100
11.54879092
11.55675154
11.51253085
11.48412854
11.44554085
11.53141615
11.51611054
11.51136685
11.51512269
11.54035069
11.51108723
11.43882992
11.52852062
11.53131508
11.52081008
11.57425085
11.55687908
11.53042615
11.53798008
11.54819162
11.56563708
11.57994815
11.56060315
11.52481708
11.52078515
11.52403362
11.52313692
11.56001408
11.52746523
11.56907246
11.57414785
11.51762231
11.47429238
11.54331192
11.54796977
11.53369054
11.53800462
11.55412577
11.52087777
11.50059877
11.52912823
11.54804238
11.55876954
11.54590546
11.54632631
11.55666746
11.49484362
11.55192369
11.56736754
11.55600000
11.54331269
11.52092054
11.53690685
11.52800554
11.51131523
11.52244323
11.50152108
11.51277892
11.53095162
11.52835054
11.50997808
11.52824762
11.52184754
11.53614377
11.55243862
11.56050500
11.52790000
11.54177546
11.52124023
11.50696362
11.52150400
11.54840915
11.50692615
11.54116062
11.51023523
11.52667585
11.51084369
11.54215154
11.52797831
11.48671800
11.54194638
11.55636215
11.57098262
11.48565415
11.48336754
11.49605031
11.53334685
11.53411000
11.53003892
11.51562962
11.51580085
11.55389854
11.53781431
11.55291415
11.52532300
11.52889677
11.54432708
11.58393092
11.52744708
11.52210515
11.55760146
11.53806531
11.55369662
11.52370977
11.53640346
11.57221369
11.53655908
11.53890462
11.52364308
11.57324977
11.56769131
11.55114715
11.59676300
11.56370523
11.55633954
11.53799715
11.52244338
11.53769562
11.51875423
11.51739446
11.52833115
11.54290354
11.52310146
11.53669115
11.48679585
11.47683915
11.48785785
11.59029723
11.55871108
11.55578654
11.54942492
11.54892246
11.50454000
11.53973631
11.52857046
11.56052308
11.53206577
11.57110923
11.55230008
11.58009331
11.58248692
11.54908600
11.56888300
11.60819154
11.58230738
11.59198238
11.56381531
11.56868708
11.55143538
11.60752923
11.56078208
11.55068369
11.55612838
11.55002515
11.56810415
11.55686877
11.56259346
11.56345862
11.54880454
11.55585700
11.55669862
11.55481962
11.57359292
11.54466131
11.50396269
11.54003523
11.52343038
11.55715115
11.52764900
11.56420469
11.51682531
11.55506700
11.52016908
11.56082023
11.56984446
11.58511085
11.55563715
11.56282238
11.54808408
11.57414292
11.57025354
11.57914515
11.52757669
11.57741577
11.53776992
11.57874262
11.54730177
11.56503915
11.59627138
11.57360123
11.57008285
11.55414446
11.56112662
11.57028769
11.54401423
11.55548562
11.50934885
11.46030654
11.46046031
11.46397215
11.45394538
11.46797100
11.45671631
11.47163669
11.44917638
11.47810485
11.48314369
11.58953862
11.59102046
11.56268738
11.57575862
11.57601992
11.58594815
11.58023969
11.54300515
11.56176985
11.52517215
11.52538792
11.53544531
11.55814400
11.52409577
11.56067423
11.54290277
11.52783100
11.55202546
11.54954085
11.53024254
11.54539762
11.53590385
11.52335715
11.49224277
11.53161946
11.50452615
11.54493585
11.51337800
11.44563392
11.45941754
11.45786562
11.43306123
11.63166669
11.58814162
11.57516600
11.53654992
11.57501969
11.53724977
11.55116815
11.49310323
11.48674900
11.46105123
11.56027654
11.55721877
11.55293108
11.60175231
11.57145738
11.58706646
11.57863392
11.57360523
11.59615177
11.59668208
11.51248438
11.74303662
11.46305992
11.56209592
11.55068277
11.56645646
11.56775538
11.57479646
11.55430646
11.58021792
11.54748562
11.57305900
11.63691869
11.62408462
11.60060731
11.60789154
11.56302331
11.55746223
11.58032877
11.60137831
11.58532108
11.59344438
11.59647554
11.58238331
11.61410592
11.55815862
11.56322538
11.57340769
11.53875138
11.56148285
11.58188115
11.55344623
11.58343454
11.52407723
11.50747815
11.51053238
11.54735031
11.55324877
11.50666808
11.52132269
11.54678546
11.53681554
11.56609654
11.55553054
11.58855131
11.53863715
11.56023254
11.51506915
11.57459608
11.55503831
11.51033577
11.51302746
11.52968015
11.53446608
11.55893900
11.56703800
11.53256146
11.52034646
11.55003577
11.56483569
11.53715600
11.54147285
11.53892531
11.53244700
11.54816700
11.52323854
11.50917631
11.52305462
11.51438423
11.51298254
11.54169808
11.51002492
11.53217031
11.54353446
11.59211085
11.60631454
11.59147054
11.50447562
11.49194177
11.48861885
11.49946746
11.45329700
11.53774608
11.53934300
11.51959077
11.50957877
11.54532123
11.56180946
11.56262792
11.52081477
11.55131931
11.55991308
11.55015723
11.56956508
11.57035638
11.53549654
11.56674862
11.52888408
11.53111038
11.52362700
11.54068808
11.50819546
11.51389069
11.53376208
11.52453754
11.55609054
11.53647338
11.53946462
11.78925885
11.61097177
11.54394592
11.59286869
11.55991092
11.52546223
11.53806392
11.48315592
11.55267792
11.49960085
11.55380815
11.54773615
11.53732392
11.47640954
11.53585438
11.55372338
11.49886038
11.49180754
11.55396254
11.56611738
11.56203569
11.53489531
11.53960631
11.55921523
11.53562577
11.52827192
11.55819808
11.52614554
11.57012777
11.54789762
11.57848931
11.56115231
11.58592092
11.57886838
11.58031038
11.57316985
11.59097546
11.55279292
11.52290262
11.56505608
11.57565131
11.53809185
11.54480162
11.57769831
11.56802331
11.55535115
11.55711423
11.58192331
11.56351731
11.58010885
11.62737600
11.58667192
11.55983992
11.55863077
11.52968623
11.55779185
11.47361931
11.44660462
11.55234808
11.54427885
11.56941392
11.57516331
11.59758069
11.55111992
11.57490538
11.59474331
11.57873338
11.54572731
11.55650623
11.57283977
11.55256192
11.53607500
11.54895554
11.57221485
11.54604315
11.54441200
11.57575177
11.55630400
11.52542115
11.51173908
11.51229408
11.46357131
11.49987362
11.53232577
11.56456092
11.52821423
11.52512585
11.50518138
11.53421523
11.52912092
11.54957000
11.49433069
11.53552462
11.55017300
11.54806938
11.53340600
11.54510438
11.56914008
11.56395492
11.57331238
11.57537877
11.53951008
11.57319554
11.53144808
11.54672277
11.55278746
11.56033062
11.53287892
11.51564446
11.52626215
11.54152162
11.55118292
11.55921362
11.56593277
11.55656569
11.56391992
11.52716077
11.52167408
11.50848546
11.51417992
11.53124438
11.53418400
11.55873500
11.56332392
11.54129392
11.56948100
11.54496362
11.56664008
11.60219854
11.60035377
11.60052892
11.55619577
11.53699400
11.58261323
11.58123777
11.52052254
11.53881038
11.48074577
11.48029869
11.47888738
11.49198738
11.53831838
11.53622900
11.54537531
11.52687854
11.51800169
11.55926562
11.54297185
11.58233492
11.58827508
11.51401731
11.49354331
11.53804585
11.54406446
11.55179846
11.57028577
11.49099808
11.43929185
11.46324846
11.55808400
11.61548408
11.57009623
11.57487085
11.53753254
11.57269031
11.54080123
11.56200338
11.54254731
11.50559962
11.46951315
11.56249562
11.52574908
11.53072092
11.54692546
11.56121215
11.55001769
11.57326531
11.56216308
11.52546869
11.55678246
11.54153569
11.52990262
11.52239831
11.51910138
11.46333085
11.51569838
11.53284300
11.54582315
11.54983946
11.55503269
11.57640608
11.57814969
11.56410546
11.55844038
11.55927385
11.59046992
11.59365608
11.54007900
11.54649900
11.51556962
11.59680446
11.52680623
11.56325915
11.54691585
11.54589285
11.52890723
11.54285231
11.52890538
11.52587177
11.56288162
11.55396677
11.52372285
11.49182131
11.46615885
11.55651469
11.53919423
11.56279846
11.53977885
11.55802377
11.56937646
11.54830669
11.53561069
11.56297223
11.56525069
11.59523569
11.61614008
11.57349954
11.56124046
11.56147085
11.55617246
11.55503838
11.57194223
11.59331023
11.55143685
11.55299646
11.55476238
11.60464177
11.55567485
11.54156677
11.54480315
11.56077000
11.49080162
11.46701208
11.58054000
11.61556169
11.58608962
11.57084731
11.49772362
11.44174908
11.47309062
11.57370246
11.57681923
11.55964392
11.56464562
11.57986792
11.57576792
11.59872338
11.55355431
11.57039031
11.53621800
11.55167823
11.54480331
11.52036392
11.51806715
11.53990269
11.55089462
11.53822008
11.46824015
11.50022577
11.43874215
11.46764115
11.45703638
11.46179262
11.46794438
11.47318646
11.47753723
11.50933023
11.47515323
11.51259438
11.52220915
11.53031338
11.55031377
11.55803277
11.55932838
11.52497054
11.52424785
11.53443254
11.57314385
11.58819592
11.56669077
11.55428692
11.56471092
11.57428985
11.55689415
11.55043677
11.54510900
11.55109162
11.52054915
11.53825146
11.55032362
11.47250623
11.45856085
11.46869146
11.52964854
11.53579654
11.54441823
11.59542346
11.54828569
11.54363231
11.56012308
11.52547808
11.55114146
11.51698200
11.53705154
11.53853862
11.55143946
11.53805438
11.54278454
11.57586569
11.53675715
11.57675600
11.58394154
11.54243169
11.54940438
11.55173354
11.52838115
11.55815600
11.52839769
11.53409131
11.52950538
11.57119638
11.56624623
11.55355946
11.52657138
11.56393054
11.54645308
11.52317500
11.51022969
11.55288223
11.55788900
11.57567715
11.51997377
11.50366031
11.54510877
11.53390008
11.54741069
11.57220831
11.53731062
