14.90165064
12.41009064
12.34105793
12.29848650
12.26758600
12.30093464
12.28886343
12.28422650
12.28298450
12.27783271
12.28931250
12.29326100
12.27774829
12.27394350
12.28606164
12.27390314
12.30830414
12.31136921
12.31614857
12.31263529
12.31319286
12.29139557
12.28421857
12.31103929
12.29810057
12.28360243
12.27977086
12.26410107
12.26869414
12.26143543
12.28803893
12.26927164
12.27580786
12.29268779
12.29611214
12.23200643
12.23355814
12.52262143
12.33710986
12.28614236
12.27788586
12.27813586
12.26864736
12.30083450
12.29842614
12.29002071
12.29737786
12.26198929
12.29369100
12.30719686
12.33164900
12.31155121
12.29604829
12.29956807
12.27692793
12.30695293
12.28701843
12.31668707
12.31381514
12.30090579
12.31072614
12.26195686
12.27762186
12.28037357
12.27027893
12.29234243
12.28783200
12.26642321
12.28281636
12.29521321
12.30167921
12.31532093
12.27660964
12.28522929
12.26347564
12.26602214
12.29248507
12.25437521
12.27123500
12.25604300
12.27245814
12.28541929
12.29789114
12.28746693
12.28793536
12.28161000
12.29083400
12.28783279
12.27966793
12.28877757
12.28465314
12.28028750
12.27716264
12.26184150
12.28090950
12.25716929
12.25899914
12.29695429
12.27454743
12.25660471
12.23780236
12.26484050
12.25856771
12.25314336
12.25546979
12.27124336
12.28680386
12.26481900
12.27264850
12.27041157
12.27779200
12.26604936
12.29775279
12.29156593
12.30516886
12.30506629
12.29491307
12.26380114
12.27218707
12.28055557
12.29887064
12.29604693
12.27337464
12.26662071
12.25732200
12.25635200
12.27634329
12.26643286
12.27011829
12.28144221
12.27172836
12.26458414
12.27841364
12.27864436
12.27329443
12.27364879
12.27322529
12.30478057
12.26544007
12.28973707
12.27657936
12.27664164
12.27151950
12.26225721
12.30624150
12.27980314
12.30803136
12.28360379
12.29954100
12.33259300
12.27491721
12.29114207
12.28563507
12.27740400
12.33598900
12.28704850
12.27291136
12.28154714
12.29762007
12.26700107
12.25890571
12.28593664
12.27213843
12.24948100
12.25773764
12.25158593
12.26128050
12.26449029
12.27528214
12.25556186
12.27907007
12.29083664
12.29782379
12.29259271
12.29550593
12.29880914
12.31232686
12.30626336
12.31367971
12.31735864
12.31342086
12.30021514
12.32567614
12.31851943
12.30200300
12.31225893
12.30550600
12.28968457
12.28262986
12.26558979
12.31514671
12.29722321
12.31709043
12.31713136
12.29215600
12.28052300
12.27438293
12.30022657
12.28101314
12.27187493
12.28668214
12.27730850
12.28906600
12.29216536
12.30203764
12.28507743
12.28102093
12.28693179
12.28688579
12.31279843
12.33032143
12.32656200
12.32416593
12.31394929
12.31041007
12.32682793
12.31584886
12.30800407
12.31804779
12.29263336
12.28939043
12.27759429
12.30236986
12.27946157
12.27364764
12.31618214
12.29568586
12.25808014
12.28171150
12.26494100
12.28455493
12.28231093
12.27660393
12.26238257
12.27612100
12.29757636
12.27701550
12.29081821
12.28304493
12.28777179
12.29653350
12.30662393
12.30781186
12.29798050
12.29739557
12.30504286
12.30783707
12.33214579
12.31944036
12.31975750
12.27885657
12.29334136
12.28243671
12.27894164
12.28518229
12.29665293
12.26637264
12.30102700
12.27552843
12.28583814
12.28376300
12.27683757
12.26840250
12.27850321
12.28501857
12.28293957
12.28684864
12.29291893
12.29693629
12.28636086
12.30234300
12.28869886
12.29271143
12.30208143
12.32067600
12.30161757
12.30017121
12.30194271
12.30965936
12.29839286
12.31102229
12.28520050
12.28200693
12.29011829
12.31815007
12.28171071
12.30536579
12.27556964
12.28778400
12.29991993
12.29341614
12.26572143
12.26682529
12.26856871
12.28319321
12.28671836
12.30839036
12.30012943
12.30531229
12.30106914
12.32614836
12.32188771
12.30420850
12.29861471
12.32854471
12.30791093
12.31952414
12.31859521
12.31965136
12.31305007
12.32552364
12.29998371
12.31818464
12.30064593
12.27984457
12.28516457
12.28326200
12.29149379
12.29185264
12.31944571
12.30457014
12.29396807
12.28815664
12.29421243
12.26441550
12.27354621
12.28120236
12.28654471
12.27860857
12.27508493
12.28899800
12.29438229
12.28623464
12.28303164
12.28241236
12.28367229
12.31909800
12.30518750
12.30934507
12.30808471
12.31824900
12.30114393
12.29827429
12.29639507
12.31670100
12.28527529
12.29292371
12.29589943
12.28223650
12.28650336
12.28621586
12.30185271
12.29323079
12.30047321
12.31155593
12.25967350
12.27788500
12.25806821
12.29079464
12.28402721
12.26952221
12.30321514
12.30238536
12.29120743
12.30081264
12.29083886
12.28054000
12.28911936
12.31749393
12.30727379
12.31014264
12.31437850
12.32719829
12.32507621
12.30854114
12.29188757
12.30463929
12.29819107
12.28575721
12.28326957
12.27012814
12.27758343
12.27246514
12.28753600
12.26084771
12.27936000
12.26924179
12.25592500
12.25619479
12.25935521
12.25862914
12.26662943
12.25785029
12.25549529
12.28132286
12.26800679
12.27881529
12.27442071
12.29250229
12.28579950
12.30998757
12.30268107
12.32625564
12.31474150
12.41087343
12.31819907
12.31959293
12.29576786
12.30889821
12.31681721
12.30587079
12.29549900
12.30280307
12.30623229
12.29317371
12.28246907
12.29882593
12.32231729
12.30327143
12.27238714
12.28118964
12.32094557
12.28092829
12.29406507
12.30005857
12.29831093
12.28663843
12.29515607
12.29710807
12.30471429
12.27373136
12.27785114
12.29772193
12.30698707
12.33445150
12.29981293
12.30147843
12.29721986
12.30168364
12.30810686
12.29302950
12.30780843
12.31057193
12.33746086
12.38787671
12.33867079
12.29714950
12.29600229
12.27569457
12.28807550
12.26389771
12.25040614
12.26606407
12.26230971
12.27873529
12.27706107
12.26446336
12.25741471
12.28117043
12.27584521
12.28055964
12.27575664
12.28350836
12.27051564
12.30931821
12.29303564
12.32326464
12.32676929
12.29228614
12.29231593
12.29218271
12.28529943
12.28233221
12.27910564
12.28548721
12.27405821
12.29699836
12.28748979
12.28874550
12.27056307
12.28441579
12.29951443
12.31207893
12.25212736
12.25326857
12.26981743
12.27366807
12.26281179
12.29126814
12.26623486
12.29008429
12.31327457
12.42788000
12.27564514
12.28700500
12.28751950
12.30157557
12.32810186
12.32717243
12.29241186
12.30378921
12.29585064
12.28941293
12.30010436
12.30194321
12.29697757
12.29211421
12.27073886
12.28421629
12.25786157
12.29757543
12.29065171
12.27904350
12.29311071
12.28030879
12.24084614
12.26991686
12.26682271
12.27639979
12.27211850
12.28970186
12.26749664
12.27013100
12.26723107
12.27626779
12.26836971
12.25908679
12.25505086
12.28654571
12.29880050
12.31185300
12.28101014
12.32064007
12.33773043
12.34564550
12.34211650
12.32333379
12.32697386
12.34424107
12.31815736
12.32965700
12.31855807
12.32195379
12.34002657
12.33787121
12.35466529
12.33486221
12.30685671
12.29905257
12.29691293
12.32967950
12.32152357
12.31795257
12.30828793
12.33343071
12.32454071
12.35171229
12.32429629
12.33858307
12.33042650
12.31584893
12.28105800
12.31098050
12.30680093
12.33845593
12.31059507
12.31371886
12.30254607
12.31779164
12.29047514
12.30828907
12.26959721
12.27005921
12.27439414
12.29557193
12.28557714
12.29400143
12.30291157
12.30303536
12.26994057
12.28044700
12.27714014
12.29869036
12.31575021
12.27379929
12.27802364
12.30168107
12.30110693
12.29433729
12.28377443
12.29028171
12.28637064
12.27804193
12.31582800
12.30681393
12.27928843
12.30740857
12.28522593
12.28896157
12.27792264
12.29462943
12.28756193
12.28328529
12.26489286
12.26569907
12.26702043
12.28832071
12.27137921
12.27472200
12.28509736
12.28080157
12.27088400
12.26481321
12.26359836
12.27562107
12.26161721
12.27654336
12.26731750
12.28846714
12.27198014
12.29003671
12.31822779
12.33745543
12.29686686
12.29187321
12.29886686
12.31545100
12.31087129
12.31196443
12.28636279
12.29542764
12.29551129
12.28603593
12.29449821
12.27544136
12.29810079
12.26003521
12.25877429
12.27777914
12.27895014
12.27713071
12.27590064
12.26034914
12.27555471
12.25906700
12.24784679
12.26816571
12.26218314
12.24994357
12.27534386
12.27501757
12.26609629
12.26458707
12.30028043
12.26903471
12.27700371
12.26016193
12.28957886
12.29617857
12.29443107
12.28746550
12.28302507
12.27881807
12.29931657
12.28531729
12.31134757
12.25370743
12.28271936
12.25637043
12.27596821
12.28682657
12.31310257
12.27317721
12.28598200
12.30835657
12.25850357
12.25097093
12.26608029
12.27428007
12.25663214
12.27876579
12.26283286
12.27454500
12.27482793
12.29885614
12.31663157
12.28645271
12.27737836
12.27937279
12.29847486
12.31665200
12.30575750
12.30937700
12.29488743
12.28486186
12.28473307
12.27958329
12.29251371
12.28203000
12.27534243
12.26700029
12.25196407
12.28170357
12.26347136
12.24656550
12.27808179
12.28154336
12.24657464
12.25736357
12.26706650
12.28793979
12.25676971
12.25011564
12.26169457
12.26989236
12.26166800
12.26086557
12.25278550
12.26253571
12.25808050
12.28553364
12.29510136
12.29928214
12.28588086
12.29040243
12.26499186
12.27907721
12.27935157
12.26683121
12.28134400
12.25581664
12.28540036
12.26186279
12.25734764
12.27358079
12.26630021
12.28301057
12.28869479
12.25806964
12.24473843
12.26134229
12.26340664
12.26465107
12.27394143
12.25870607
12.26755300
12.28085771
12.27313679
12.30616007
12.28600107
12.29049286
12.28377136
12.31094071
12.30797993
12.32858279
12.33057643
12.32280007
12.32501907
12.31293607
12.31913679
12.30624271
12.30644886
12.30261786
12.29096443
12.28068229
12.28990671
12.29400743
12.30887586
12.28033493
12.28303200
12.29971471
12.27722543
12.27853650
12.27965664
12.29632657
12.27585821
12.26441136
12.26679293
12.29168407
12.27412086
12.27377700
12.25784371
12.26704114
12.29077243
12.29047421
12.28775886
12.29266757
12.28762829
12.29229486
12.26094914
12.30288107
12.28897143
12.27370521
12.26750114
12.27966621
12.25469293
12.28008343
12.26831536
12.29909057
12.30002657
12.29149750
12.30124536
12.28693471
12.27591564
12.25984557
12.30678450
12.27139064
12.28153929
12.28372757
12.29668457
12.28968057
12.31849721
12.32562171
12.28536043
12.30238179
12.31914521
12.31251307
12.31667057
12.34675179
12.32236814
12.33494464
12.29139107
12.30782671
12.28464457
12.29089086
12.30673736
12.27614814
12.25324614
12.26414400
12.25043300
12.28395493
12.28168564
12.26260250
12.28557086
12.27451943
12.25751929
12.27047621
12.26142679
12.31352050
12.25856057
12.26716614
12.25258107
12.24283850
12.27067800
12.26987479
12.26162071
12.28345564
12.28070064
12.29443036
12.29455714
12.40818236
12.36575593
12.37344343
12.30651664
12.29069957
12.28832879
12.28896100
12.29137186
12.26489121
12.25700164
12.27062964
12.24455300
12.28606714
12.27151579
12.29213936
12.30194279
12.29742771
12.26886486
12.28731514
12.26975864
12.29758236
12.33891814
12.31656479
12.27929736
12.29445450
12.28245500
12.29437279
12.27757943
12.28981507
12.25814179
12.27533821
12.31249457
12.29901857
12.28946821
12.30542550
12.30683929
12.27860064
12.30136743
12.31905579
12.28711729
12.26933950
12.26604771
12.26551564
12.25315900
12.27895121
12.27538086
12.25452693
12.26234664
12.27632707
12.27403079
12.26742307
12.26085900
12.26382571
12.26808686
12.45343714
12.28626743
12.27597857
12.26836057
12.28344857
12.28881500
12.27491200
12.27961221
12.28759529
12.29371121
12.30770736
12.30477250
12.31299800
12.29113743
12.28896507
12.28375771
12.29175200
12.29357236
12.31719207
12.29844657
12.29010986
12.29421321
12.30259771
12.31192150
12.29912671
12.31121279
12.30993071
12.27946814
12.28280007
12.27560257
12.30745743
12.29448050
12.31246150
12.30403079
12.30452036
12.29028657
12.31106964
12.29971429
12.31088421
12.28890500
12.29891150
12.30406307
12.33025914
12.31003207
12.30140379
12.29094507
12.31488236
12.30254607
12.29864236
12.28777207
12.30628979
12.27005229
12.27505857
12.28167921
12.30135764
12.30323693
12.29810171
12.30193907
12.30341171
12.26615971
12.27515521
12.26705693
12.30097586
12.28268736
12.29444171
12.27928207
12.28709400
12.30793814
12.28007900
12.28364579
12.28709521
12.27527407
12.31646200
12.29473121
12.31440386
12.30573179
12.29836071
12.28811771
12.30723143
12.28842129
12.28875314
12.30247914
12.30238293
12.27149671
12.26441993
12.26206021
12.32163514
12.28124157
12.28623407
12.29542064
12.30201571
12.25606293
12.25829986
12.27494364
12.30728564
12.31517921
