16.40138500
13.79261253
13.72521753
13.71367967
13.78226047
13.73891453
13.68933253
13.70741960
13.68381913
13.66733693
13.69709127
13.70704400
13.69730367
13.71064053
13.77538447
13.74083013
13.72345940
13.69162480
13.70831820
13.73401973
13.73940307
13.72015180
13.72069747
13.72664987
13.68014713
13.66562033
13.72843693
13.68478833
13.73050307
13.65057693
13.71299693
13.76319427
13.75391767
13.75122560
13.70528133
13.74304753
13.70843307
13.71633367
13.67974333
13.70489033
13.70134433
13.67274293
13.66611513
13.71440693
13.68253593
13.67603487
13.72867593
13.75219047
13.74191227
13.68223287
13.70789120
13.70897793
13.72922280
13.69617187
13.67193247
13.74121613
13.70999427
13.71112340
13.70395553
13.69473340
13.78820513
13.69269160
13.73382573
13.76702660
13.77338000
13.70025707
13.73194780
13.72391927
13.72877400
13.69590060
13.68275787
13.70264213
13.71502980
13.71446607
13.73156620
13.70071693
13.65414787
13.66527767
13.73240920
13.75738140
13.73272100
13.74635213
13.73284627
13.73392940
13.71122940
13.76863440
13.70360707
13.70133920
13.73569747
13.76480680
13.72300073
13.72991747
13.71092980
13.67509887
13.71462927
13.77168940
13.79721113
13.68899427
13.76106060
13.72208467
13.77122480
13.77927807
13.71224973
13.75117313
13.71907767
13.72867880
13.70021727
13.70800273
13.76403433
13.75289113
13.80515273
13.76418687
13.77808487
13.78697847
13.74593333
13.79299280
13.75387793
13.74954587
13.75417893
13.70949600
13.75436880
13.77754080
13.70431773
13.75798127
13.71673813
13.69002473
13.69604707
13.76116540
13.71923507
13.68509133
13.71505187
13.72199193
13.70752920
13.73741007
13.71819927
13.71573140
13.71297100
13.70108240
13.73384653
13.69012860
13.73369260
13.71923107
13.76727927
13.76734727
13.73589900
13.70820273
13.74313647
13.71032480
13.76160680
13.77266920
13.73207900
13.76608667
13.76756067
13.77511540
13.75579953
13.77547580
13.80447353
13.77976673
13.72814427
13.77035527
13.77536220
13.74156920
13.74388947
13.73765913
13.75159867
13.79953493
13.75344540
13.70963127
13.71954113
13.70317787
13.71236167
13.70466947
13.77789633
13.69193333
13.76723953
13.78170113
13.73762127
13.71843553
13.73715827
13.72184293
13.70662593
13.71115267
13.74141433
13.69613860
13.68960333
13.72990787
13.70184893
13.67303567
13.68649067
13.66983587
13.84970167
13.78361047
13.78423767
13.73726253
13.71139733
13.71835533
13.76373753
13.73310153
13.69522160
13.71636413
13.73072800
13.69180653
13.68240093
13.72433327
13.71160980
13.67962993
13.73629193
13.78753793
13.72535260
13.74360953
13.72278400
13.75112567
13.73339687
13.69832887
13.73524900
13.71147680
13.72733993
13.69888247
13.71755020
13.75135500
13.73809793
13.74688407
13.74222473
13.78718013
13.78533547
13.72114053
13.72933793
13.72735433
13.71621573
13.76407940
13.72833540
13.71243820
13.70794560
13.72665500
13.88281707
13.73641720
13.72885893
13.73092560
13.80331553
13.77192320
13.74723527
13.74230860
13.73365607
13.73712033
13.76529353
13.74615373
14.06268147
13.73352073
13.70605147
13.70363340
13.72014680
13.74050400
13.74854513
13.72575140
13.73653933
13.78770160
13.75925727
13.71968940
13.74835187
13.70410780
13.70987527
13.73270873
13.71641787
13.72321407
13.73142027
13.68738913
13.69850860
13.78862720
13.72376307
13.74358473
13.77254060
13.80839840
13.75639840
13.70579193
13.73643433
13.75641100
13.76145667
13.77633020
13.71417707
13.70272393
13.75384133
13.71671413
13.74863673
13.71337247
13.71970407
13.61601853
13.68430753
13.74840407
13.71883820
13.70678093
13.70152953
13.67998920
13.71279313
13.69857820
13.69089413
13.66502340
13.65706533
13.70540587
13.66351380
13.66739507
13.67287260
13.71202520
13.69366007
13.74626413
13.75257967
13.72019360
13.70860193
13.70071620
13.70820693
13.70725920
13.70060900
13.68213733
13.69319353
13.66105833
13.71206053
13.69202393
13.70651700
13.66380020
13.68778247
13.75419700
13.75513293
13.70206020
13.67471640
13.72257700
13.70467533
13.69906107
13.69159540
13.70846013
13.70174560
13.66877673
13.67826753
13.65810420
13.64789780
13.62789213
13.76837300
13.75660573
13.73962240
13.74908420
13.72269020
13.75694040
13.72636433
13.73790873
13.76210427
13.71755160
13.68554980
13.69898793
13.70646573
13.69858667
13.72599867
13.66779173
13.69862620
13.76375180
13.72632533
13.74899293
13.71624880
13.72068420
13.71798840
13.73200680
13.73859340
13.71706233
13.71012220
13.67037653
13.68319420
13.71311527
13.71917747
13.69033027
13.74521260
13.78215467
13.76312880
13.71442200
13.72944513
13.74898907
13.77696433
13.70959647
13.78380653
13.71585267
13.71807720
13.71616373
13.70871007
13.71773187
13.73111333
13.64915040
13.68898547
13.76761913
13.75727607
13.70887720
13.72532680
13.70429833
13.68909207
13.74363227
13.69167493
13.71503180
13.69265280
13.67058873
13.67743940
13.70169667
13.81460760
13.71386053
13.76225853
13.78215180
13.78150033
13.75077527
13.70952120
13.74464273
13.73209760
13.77574987
13.80386807
13.79667820
13.81593887
13.82948633
13.77760527
13.81347907
13.82420073
13.76435153
13.75924513
13.79620180
13.74622887
13.74350453
13.74955393
13.71061360
13.75005633
13.75041527
13.73526420
13.70909813
13.75353293
13.72274860
13.72773087
13.74650167
13.71871040
13.74540620
13.80825940
13.81014987
13.80717980
13.75208040
13.71342340
13.76119380
13.80748940
13.75295593
13.77484160
13.74630227
13.75307927
13.80257167
13.69993280
13.63597253
13.64457587
13.73455127
13.73829647
13.76905520
13.74650407
13.70582947
13.75743133
13.69998120
13.71573540
13.76156027
13.69254220
13.72718853
13.73540507
13.70640980
13.69729267
13.73241047
13.70548733
13.70548547
13.76215400
13.76729513
13.77450147
13.72845327
13.71622180
13.74411380
13.74545220
13.72561693
13.73972507
13.72963333
13.71641253
13.68176353
13.71195353
13.71968280
13.73579320
13.69673367
13.71827413
13.77662133
13.73937147
13.69671167
13.71618027
13.74560453
13.71288233
13.72695307
13.69027820
13.73056133
13.70379040
13.67959613
13.69767480
13.71936327
13.71332613
13.73508127
13.77026727
13.75486587
13.73842067
13.74260300
13.73056320
13.71210520
13.72512167
13.72257487
13.76247380
13.72088307
13.70455740
13.69484447
13.69395427
13.69346847
13.73102213
13.68107240
13.72776700
13.77032553
13.76607573
13.70367833
13.73687520
13.72846947
13.71121567
13.74078400
13.67548840
13.69051813
13.71408827
13.70331553
13.68292907
13.72829793
13.69062327
13.70114553
13.77805360
13.77446380
13.74663253
13.74205827
13.70182827
13.75937920
13.74276293
13.74174513
13.74471947
13.68994493
13.69917653
13.67891527
13.69889527
13.71575080
13.72326967
13.71876207
13.71484020
13.77458567
13.76436387
13.69510233
13.69392773
13.71380733
13.70593087
13.70900367
13.68163047
13.71583053
13.71729780
13.67706753
13.81899840
13.79542400
13.77251333
13.71530380
13.76081173
13.80199467
13.75953893
13.75966007
13.74945213
13.74285913
13.75483527
13.73964920
13.72595453
13.72205040
13.69588747
13.69593940
13.74203873
13.70236013
13.71749707
13.67508587
13.69894413
13.77893260
13.76480440
13.68712807
13.70947227
13.71461680
13.72746007
13.72864760
13.71777547
13.71271187
13.73169460
13.70020287
13.69783647
13.72615820
13.71376693
13.70437673
13.77524233
13.75060747
13.74868073
13.75605073
13.71660787
13.72911527
13.74494220
13.73920380
13.71928127
13.71239080
13.70430373
13.69092107
13.68616413
13.72230827
13.74273093
13.68619320
13.68646340
13.78234733
13.77622073
13.72741160
13.70050793
13.69919600
13.71559687
13.72084473
13.71183387
13.71341660
13.71266353
13.69562727
13.74648000
13.95390620
13.72363660
13.71791527
13.78448713
13.81184513
13.77068787
13.74385060
13.74406993
13.75772000
13.74903927
13.74083507
13.69675647
13.70324280
13.75645173
13.71802613
13.73677973
13.72492193
13.76803107
13.72199293
13.72485713
13.78844047
13.74463900
13.72252620
13.75812720
13.70125927
13.72205080
13.75922453
13.74951740
13.70968060
13.72783993
13.75151220
13.71759020
13.73117560
13.75173793
13.77792920
13.77825613
13.78369093
13.77639420
13.76670287
13.74095553
13.76405260
13.76352893
13.76743893
13.76369313
13.74383373
13.75860687
13.75102920
13.75449833
13.74232673
13.76588033
13.71401073
13.74185133
13.78472593
13.78369340
13.71941293
13.77609927
13.73202120
13.72990300
13.73574787
13.76971473
13.74907700
13.71002167
13.69387300
13.72477613
13.75152087
13.73159033
13.71767093
13.76427440
13.77261120
13.78397253
13.71986580
13.71936480
13.75368313
13.73420807
13.71141727
13.73449893
13.73348167
13.72183340
13.72940520
13.71026240
13.73217400
13.74435000
13.71346620
13.72999960
13.77843940
13.80729260
13.74652440
13.74014033
13.72161347
13.74547807
13.75254920
13.73366573
13.75058840
13.71911867
13.71016747
13.72776987
13.71172680
13.70151313
13.72665100
13.76728460
13.77597633
13.76289220
13.74026653
13.74720513
13.76389020
13.78100927
13.75628973
13.75919387
13.74341893
13.72727733
13.71362180
13.73373093
13.74565893
13.78978840
13.70116213
13.76194333
13.77579140
13.73599613
13.70589567
13.72862893
13.71818727
13.76071453
13.73468107
13.70444953
13.69832440
13.70984100
13.70800667
13.71818980
13.70508733
13.73055647
13.71445687
13.76528933
13.73811560
13.77560893
13.74656207
13.75449073
13.73126427
13.71417780
13.73175033
13.77353907
13.72813327
13.71480860
13.70827233
13.74354493
13.72026580
13.76815813
13.69916673
13.70390707
13.78027107
13.75817160
13.73581060
13.72920147
13.74779487
13.75492313
13.75004007
13.71346047
13.70063413
13.69780220
13.69287467
13.70563620
13.71187100
13.69596653
13.71841600
13.76814427
13.77569700
13.78241780
13.76753020
13.73252493
13.76225920
13.77395960
13.74120807
13.73909460
13.71687340
13.70464813
13.69032733
13.71060840
13.73438867
13.73548807
13.68289267
13.72890580
13.75433027
13.76633520
13.73046187
13.72007207
13.71674413
13.72271893
13.74849073
13.69077120
13.70485640
13.72113613
13.68500500
13.71443507
13.71898020
13.69712893
13.71475313
13.75521880
13.74809593
13.75572520
13.72901233
13.72443460
13.71629953
13.70610313
13.75526913
13.71630660
13.70765067
13.73315767
13.68969380
13.70223653
13.72387087
13.73127187
13.65622233
13.71978687
13.79723873
13.74525980
13.66234527
13.69018300
13.64608727
13.66141847
13.75116800
13.72269020
13.74523273
13.76404653
13.74294387
13.71177627
13.71852347
13.74312820
13.71707407
13.78295233
13.75838640
13.75793013
13.76972800
13.79282460
13.75333047
13.74606260
13.75302893
13.76092373
13.74856507
13.71903073
13.71354253
13.72460387
13.73448067
13.75203640
13.69258700
13.71348267
13.76386327
13.78363393
13.73696207
13.72327560
13.72673033
13.70558407
13.74876540
13.73781253
13.71926087
13.71099467
13.71065513
13.70627193
13.72060193
13.67750633
13.70800873
13.78120393
13.80792647
13.79061387
13.75561460
13.75614280
13.76638713
13.75774307
13.73491067
13.74818480
13.72732213
13.70632453
13.70553607
13.69488687
13.73883193
13.73865180
13.71662820
13.74348973
13.82225333
13.80328000
13.76917387
13.76073747
13.70625893
13.72719180
13.72184553
13.72579007
13.70636600
13.71448047
13.67468673
13.70480273
13.72607913
13.72466200
13.70037567
13.73697113
13.78244487
13.78073180
13.76478460
13.75422633
13.77415660
13.77551300
13.74142487
13.87887587
13.79967120
13.75734520
13.66824173
13.70571087
13.70088607
13.71782920
13.67987253
13.75218153
13.77532207
13.74311867
13.71427647
13.70362300
13.70646647
13.72491707
13.74272000
13.70445993
13.69628353
13.70802420
13.70674827
13.68553013
13.69406020
13.68695253
13.70526427
13.77431820
13.74770407
13.75326500
13.70937380
13.73484613
13.72376787
13.74224340
13.71015660
13.73784727
13.70417527
13.68987707
13.70346627
13.71386280
13.78479733
13.74194347
13.66690027
13.67715907
13.77912593
13.74452653
13.69989987
13.91496800
13.72840687
13.70940107
13.71419200
13.69309013
13.70856380
13.69680467
13.69484133
13.70262087
13.72028927
13.71050133
13.71307433
13.76122500
13.73394487
13.71512560
13.72749460
13.71187473
13.74230933
13.71458393
13.70174467
13.73374300
13.71883733
13.70270180
13.67906640
13.69722000
13.71903627
13.71378093
13.69736913
13.70701853
13.77020320
13.74139227
13.70918353
13.73128280
13.73967740
13.79228307
13.73324340
13.70898113
13.70614320
