16.59181581
14.12104306
13.97499862
14.01712025
13.99037937
13.96357619
13.97740544
13.94751838
13.92059600
13.95248700
13.96025862
13.95010419
13.95181494
13.94116131
13.95974050
13.95351981
13.92814256
13.99167244
13.96787725
13.94190631
13.91797769
13.92568306
13.92542800
13.92775762
13.93793981
13.95773344
13.94087419
13.94829662
13.91025575
13.97460013
13.97364819
13.99905875
13.99145519
13.99264387
13.98224956
14.00681725
13.97466431
13.95311925
13.94989250
13.97170131
13.93468988
13.98000669
13.95580138
13.98225181
13.95217494
13.96800594
13.94201306
13.98614919
13.96662675
13.99430306
13.93866944
13.96808769
13.92621275
14.00746081
13.95731794
13.94116206
13.94295313
13.95584044
13.94363856
13.95606912
13.91479819
13.92284519
13.94685406
13.93148156
13.95159694
13.95940819
13.95749581
13.97399881
13.92126969
13.93498438
13.95723563
13.94780144
13.92217744
13.94019088
13.93230594
13.94273919
13.93404062
13.96826487
13.92275931
13.94919331
13.94978381
13.97467819
13.92598406
13.95256694
13.90448188
13.95160425
13.92916313
13.92939419
13.93745106
13.96872269
13.94483969
13.95438725
13.92845556
13.97156244
13.94723563
13.95324294
13.94170269
13.97405281
13.97151044
13.99868588
13.94666131
13.93737962
13.92617781
13.93923287
13.93949306
13.94121425
13.94564950
13.95300131
13.95530775
13.94030544
13.94594369
13.96334369
13.96541937
14.01694131
13.94261738
13.94886281
13.95312550
13.96780513
13.92486888
13.94257781
13.94476669
13.95482119
13.96026769
13.94348750
13.95617569
13.95536050
14.01579469
13.92338875
13.92808237
13.93933525
13.94985169
13.97236363
13.92483681
13.91975831
13.94707625
14.04545931
13.91648369
13.93651212
13.91995769
13.94588531
13.95090063
13.94486281
13.91881200
13.95238650
13.95722881
13.96501750
13.94425775
13.94080512
13.93519931
13.94774819
13.92943981
13.99700587
13.96631569
13.96082462
13.93024281
13.95176888
13.94093531
13.94148119
13.94479150
13.93186131
13.92779281
13.95775856
13.96200944
13.97349075
13.95561112
13.95725250
13.95270669
13.99217925
13.93993100
13.95856050
13.93998863
13.96111981
13.94499756
13.95390787
13.94637925
13.97317687
13.97262581
13.99336725
13.95811481
13.96366194
13.95255869
13.96474419
13.94203700
13.95481194
13.95018125
13.94718981
13.94295531
13.96580044
13.93520756
13.94409669
13.94456031
13.94401775
13.94980144
13.96188937
13.96504194
13.99793913
13.97996344
13.97140119
13.99085444
13.97601725
13.99962669
13.98141975
13.97183437
14.00160250
13.98196888
14.00207988
13.98385381
13.97427206
13.97194550
14.01566669
13.96320706
13.97925350
13.99692375
13.95266688
13.95364406
13.95804381
13.97682500
13.97679487
13.96201794
14.00402906
13.97380219
13.97871825
13.95984550
13.99126019
13.99936156
13.99325756
13.96345631
14.01944563
13.97435225
13.95848175
13.95839481
13.96027200
13.94027625
13.96835944
13.93752912
13.99309319
13.93867537
13.94551250
16.52866131
14.00883669
13.94636344
13.98694769
13.93478856
13.94248794
13.93044562
13.96281256
13.93306925
13.91842488
13.91303944
13.94971956
13.93749325
13.97097531
13.93272669
13.94954006
13.92532025
13.94217900
13.95807012
13.95998138
13.96500188
13.97649894
13.93778094
13.94935394
13.96500569
13.96471588
13.93738613
13.95288669
13.93820275
13.94931275
13.96727069
13.97993400
13.93330700
13.95868687
13.93758631
14.00187288
13.95690706
13.94794650
13.92403856
13.96409319
13.92781881
13.95644194
13.97348281
13.96296288
13.97555494
13.97819438
13.92461944
13.95866450
13.93530719
13.94582819
13.95386931
13.98111075
13.95550594
13.98187462
13.96866756
13.94044350
13.92330775
13.93980163
13.92966200
13.93338344
13.93170838
13.94251169
13.91859694
13.94270581
13.94083431
13.94726956
13.95433450
13.94914575
13.93407744
13.94303225
13.92656813
13.96080444
13.92702119
13.92002138
13.95771462
13.96294700
13.94512431
13.93683012
13.90956806
13.97276894
13.95592163
13.98677006
13.94447163
13.96115462
13.94758200
13.95956625
13.92705531
13.92466625
13.93198175
13.94358537
13.96576906
13.98937694
13.94936300
13.99734188
13.96400650
13.96393844
13.94456263
13.96428331
13.97254306
13.99909913
13.96678456
13.96276663
13.94729681
13.94850663
13.93659238
13.96619319
13.94704562
13.95081988
13.94938544
13.95774631
13.92557625
13.97821544
13.92742762
13.94765569
13.95615681
14.00435656
13.97384631
14.06615537
13.95416656
13.93695494
13.95263237
13.95920525
13.97070331
13.94720206
13.94056544
13.95381237
13.93977213
13.93478837
13.94258562
13.93698063
13.94359056
13.97047025
13.93666250
13.92523587
13.93469281
13.97481831
13.92040756
13.95459119
13.94787869
13.95123825
13.94089600
13.94634006
13.96731813
13.99587875
13.97072694
13.95578244
13.96612025
13.97749056
13.95108312
13.99140156
13.95542806
13.94393881
13.95370556
13.96940619
13.93651788
13.96221419
13.93244325
13.96512056
13.94092269
14.00623556
13.96650181
13.93866894
13.95427994
13.98769188
13.96703838
13.95460431
13.94185262
13.95529137
13.92149406
13.93004669
13.94561931
13.96050181
13.95014713
13.96669413
13.94158850
13.97916588
13.97266731
13.96448700
13.94594531
14.00722631
13.96355844
13.98316906
13.98057737
13.95508438
13.95229656
13.96299225
13.95672287
13.98052656
13.96023294
13.97432844
13.93899038
13.98770763
13.97598850
14.00263625
13.98267575
13.99357188
13.99134419
13.98991356
13.97939506
14.01089694
14.00399456
13.97869406
13.98300094
13.97414838
14.01189244
13.97824881
13.91498081
13.94496806
13.94251606
13.94246387
13.95131138
13.96465756
13.96079306
13.97021325
13.95316813
13.94933050
13.94810819
13.94616538
13.93456063
13.93886444
13.90525413
13.97298156
13.95097994
13.95054644
13.93138144
13.93392744
13.94382137
13.96309519
13.93798656
13.93247719
13.92533887
13.96032319
13.91086075
13.93765556
13.97396731
13.99362163
13.96098094
13.97450906
13.95919363
13.99000475
13.97191219
13.96167431
13.97585869
13.98188625
13.97379306
13.98830781
13.96434094
13.95182838
13.93067819
13.94748313
13.93551719
13.94564413
13.92621212
13.94831144
13.91522069
13.98152769
13.96823350
13.97584044
13.97102769
14.01122363
13.96733325
13.95443769
14.00126112
13.98267650
13.97977100
13.98159000
13.95142387
13.96907719
13.96842100
13.98990544
13.95021631
13.95079625
13.97125881
14.01441831
13.97353106
14.01024719
14.00240144
14.01710738
13.97420875
13.95588606
13.92298900
13.95810763
13.93057656
13.98154463
13.93944744
13.95637612
13.94054750
13.95620381
13.91397381
13.94036819
13.95108681
13.97095475
13.93824419
13.92166369
13.91822919
13.95175144
13.91031594
13.93800163
13.94573862
13.96304806
13.92725937
13.99232237
13.96189313
13.97341244
13.98279169
13.96977456
13.97785175
13.97056856
14.01324706
14.00559987
13.95755387
13.94239612
13.94292669
13.93822644
13.91737331
13.95128119
13.93129344
13.94641644
13.95138125
13.93425844
13.92225769
13.94904794
13.94662169
13.93669456
13.91138388
13.93522169
13.92456425
13.94848500
13.91909469
13.90233994
13.92697019
13.94416463
13.94247706
13.94903819
13.92307706
13.93781238
13.93375806
13.94009337
13.95818981
13.97041519
13.94624781
13.95831863
13.91598313
13.93398763
13.97215056
13.95074394
13.93815788
13.92409881
13.91731019
13.93799088
13.92293906
13.94212881
13.93863488
13.93728450
13.94397400
13.96180463
13.92376113
13.94888869
14.15589450
14.04508875
13.92702775
13.98718812
13.95569806
13.94956581
13.94625450
13.96821194
13.95586831
13.97258269
13.96060756
13.94315681
13.96464825
13.97219925
13.96120881
14.01270656
13.94232769
13.95609494
13.94318888
13.94911150
13.93462300
13.97650412
13.91823569
13.95132575
13.95485737
13.94536469
13.91440894
13.95765625
13.92447231
13.97189250
13.93299519
13.92173369
13.92670169
13.99346513
13.93368406
13.95930169
13.93729706
13.93507319
13.92552869
13.93963644
13.93329925
13.95376038
13.94761769
14.12702956
13.93302119
13.96312169
13.99556850
13.98945225
13.94600650
13.93120781
13.94658531
13.93701900
13.92525487
13.99649075
13.94506587
13.92921337
13.95580713
13.95353381
13.93031744
13.94556863
13.94077444
13.94146863
13.95732750
13.95849856
13.93816869
13.95500331
13.93781194
13.93378431
13.96686100
13.96594906
13.93809281
13.96636944
13.92672931
13.97527988
13.95236794
13.95598544
13.93003794
13.98224962
13.97057644
13.98935956
13.96918550
13.94160656
13.95253575
13.97018900
13.92348925
13.96324237
13.95010787
13.94908069
13.95713406
13.94323056
13.94376488
13.96183037
13.96387375
13.96146481
13.92297288
13.93932369
13.91507062
13.96202200
13.92824738
13.91391856
13.95237106
13.94927125
13.92197413
13.95895100
13.92651006
13.94366650
13.91732256
13.93319775
13.94264500
13.95928744
13.95102425
13.95844400
13.91967688
13.91525806
13.93771169
13.95400737
13.93555175
13.95305037
13.92376938
13.94665906
13.95629963
13.96535156
13.93750225
13.93045888
13.94809619
13.95454931
13.95501481
13.92182150
13.92510450
13.94231450
13.91821363
13.92155181
13.93675806
13.94787550
13.94066350
13.94783788
13.93492569
13.96667806
13.93234019
13.93464813
13.91929875
13.95515863
13.95683862
13.99162025
13.95403144
13.96018544
13.96288431
13.97145262
13.93917369
13.95796225
13.92722100
13.95272775
13.94045106
13.97975481
13.95530513
13.97127825
13.94656856
13.96189200
13.96270062
13.97109950
13.94256825
13.99015906
13.92970837
13.92405563
13.91704931
13.95596312
13.93748275
13.94154950
13.95165219
13.93947550
13.95589150
13.94472213
13.95473581
13.96247025
13.97345675
13.98642519
13.94847375
13.94136612
13.93453931
13.94016463
13.93377112
13.92860256
13.95050875
13.94538463
13.97489850
13.94977844
14.11594400
14.01271725
13.92516781
13.97328588
13.94098725
13.96756737
13.92940113
13.94533694
13.90437769
13.93998887
13.95373862
13.94335481
13.94911375
13.93763381
14.26906919
13.96863481
13.94401950
13.93269006
13.96645006
13.98273356
13.97150169
13.98124875
13.93185825
13.96080137
13.94895269
13.94603794
13.94470706
13.97537806
13.96119456
13.95540250
13.94953575
13.93975219
13.91969212
13.94653131
13.94311725
13.97141219
13.92527644
13.95750131
13.94462038
13.96308162
13.93328200
13.95896988
13.96502737
13.96167044
13.96032956
13.96073875
13.95708538
13.95557531
13.97745838
13.94823981
13.96121969
13.97004500
13.97166756
13.97843687
13.94569700
13.94710131
13.93065963
13.94041294
13.92173425
13.93985819
13.92024400
13.95950712
13.95272250
13.95467394
13.93780669
13.93683869
13.94882031
13.99606369
13.96123300
13.93440294
13.93594681
13.97379244
13.92899069
13.94042719
13.94064169
13.96150525
13.94665419
13.96602406
13.91687694
13.94940962
13.92572294
13.96826644
13.96419969
13.95504756
13.97687081
14.00560731
13.93610481
13.93314088
13.94550156
13.94017569
13.93028581
13.95967312
13.93737513
13.94487781
13.94595313
13.94820094
13.94641500
13.96174950
13.94387025
13.98661694
13.93912500
13.91416994
13.92839969
13.97790769
13.93626831
13.94006300
13.96040137
13.95034163
13.93418837
13.95082206
13.96803313
13.96258962
13.94441487
13.97473062
13.98499656
13.97782031
14.00251687
13.97303694
13.92905094
13.97408644
13.94686131
13.95182494
13.92707494
13.96771081
13.97768387
14.01424625
14.03579775
14.04475794
13.99505438
13.99387094
14.01073213
14.03109300
14.01677975
14.00819512
13.99475256
14.00793044
13.97310769
13.97868994
14.00839631
13.98985456
13.99322344
14.01684919
13.96876281
14.02093663
13.98293131
13.98783938
13.99649944
14.00972325
14.02037100
14.02939531
13.99104781
13.99564562
14.00020887
14.02056863
13.96189875
13.98849119
13.96212212
13.97557112
13.94954906
13.97718438
14.21610356
13.97558869
13.96719163
13.98814219
13.96734900
13.97208263
13.95931444
13.97280956
13.98204231
13.97947088
13.95960044
13.96286331
14.13252369
14.01804788
13.93489819
13.99310062
13.94505056
13.93418025
13.95607356
13.97380956
13.99339644
13.97144894
13.96017419
13.95020631
13.95854450
13.95634544
13.96144994
13.93658825
13.94468337
13.96440087
13.97178431
13.98249944
13.98603606
13.98435094
13.98885394
14.02872706
13.99100700
13.99900594
14.00257275
14.00403531
13.98458906
13.98550825
14.00274925
13.98815588
13.98849387
14.00475563
14.00764812
13.97960287
13.94830400
13.97197069
13.95970144
13.99828081
13.98223531
14.00054750
13.96644181
13.96622650
13.95275937
13.98011600
