18.18019782
15.74708865
15.65376188
15.63754765
15.62516929
15.61891953
15.63770159
15.60793600
15.63701988
15.66100129
15.61842053
15.63640453
15.72443212
15.63185247
15.69707965
15.62743876
15.59894000
15.63604147
15.65198324
15.54960747
15.62634029
15.57092129
15.59120359
15.51427947
15.59125865
15.61681153
15.63612188
15.64651265
15.62955594
15.55546112
15.58351635
15.62738353
15.67411694
15.64614865
15.63903029
15.63322988
15.62289959
15.63712471
15.64533741
15.61731324
15.66086076
15.65678412
15.59174900
15.60597988
15.63671553
15.59261024
15.65458871
15.68153365
15.64668159
15.65105371
15.66962741
15.61386341
15.61856876
15.57871618
15.55207812
15.56016941
15.61344506
15.55707488
15.58956818
15.57509771
15.56804982
15.59632394
15.58137388
15.59557424
15.64579600
15.64355894
15.64169729
15.66787329
15.60810771
15.62477112
15.60800594
15.60847476
15.63499153
15.62980729
15.62717171
15.63318782
15.64031929
15.64904182
15.63802329
15.62823753
15.66643394
15.66957988
15.69900682
15.60716335
15.58573182
15.57971682
15.59041771
15.57397759
15.64050247
15.60688388
15.60907994
15.65060529
15.64769282
15.61850000
15.59165859
15.58120853
15.62936088
15.67538812
15.64224947
15.63402006
15.62397094
15.62840053
15.65700347
15.68314500
15.64605688
15.63065494
15.63039835
15.64281376
15.65171641
15.60466771
15.63541900
15.65280288
15.61887159
15.62990071
15.66123476
15.58578582
15.60541065
15.60423888
15.55895994
15.57528671
15.56001512
15.56947747
15.58058247
15.59316588
15.59257900
15.59034506
15.59810576
15.63297676
15.63724929
15.64793976
15.64667794
15.66700465
15.68376635
15.61439788
15.66389412
15.65413106
15.65900276
15.64178718
15.62962665
15.67639018
15.67777424
15.64928194
15.65387947
15.65071400
15.64954288
15.67910535
15.64458071
15.59169141
15.59653894
15.59117641
15.58871447
15.59793112
15.59472088
15.58896841
15.63019906
15.69715524
15.64401012
15.60104953
15.57993565
15.57788565
15.61798188
15.64926512
15.63613424
15.64859265
15.63339353
15.62678865
15.66537559
15.64870059
15.65933718
15.67365147
15.63866618
15.65664853
15.64743224
15.60765729
15.61411247
15.62507076
15.59779688
15.64991600
15.63274482
15.58114182
15.56561400
15.58171500
15.54473488
15.56633282
15.55516088
15.53922894
15.54614100
15.56620647
15.57454441
15.56327900
15.51075676
15.56632624
15.64368818
15.60409835
15.66162729
15.66654982
15.61701135
15.61938812
15.61589465
15.54149035
15.57716447
15.55955359
15.57521365
15.56226365
15.59867118
15.59437094
15.60216129
15.60044753
15.59279871
15.61416600
15.62874159
15.61266835
15.57319718
15.59101512
15.56810059
15.56996941
15.62716112
15.57793788
15.62518676
15.63985724
15.65818300
15.61669688
15.57363318
15.58890924
15.61259041
15.65141535
15.63202600
15.63009300
15.63101082
15.65128518
15.62592682
15.66262724
15.64093082
15.66275112
15.63787894
15.65206306
15.64476335
15.63394976
15.62591265
15.62100276
15.63159041
15.68552729
15.83650294
15.63844806
15.64997888
15.59664500
15.57619018
15.56637165
15.55745388
15.55448935
15.58839647
15.58110300
15.56213424
15.59345006
15.58660594
15.54586247
15.61069106
15.67109888
15.66067906
15.67858600
15.65623606
15.66995147
15.65374165
15.64023394
15.66453776
15.64743900
15.64712559
15.60789624
15.64405835
15.61208776
15.61828841
15.63498835
15.73012535
15.66644024
15.64897535
15.54621718
15.62335971
15.61503994
15.59412694
15.56953953
15.60859376
15.60700341
15.65001612
15.65925665
15.65446859
15.59710024
15.59315253
15.58803935
15.63970871
15.67760447
15.65260818
15.64570424
15.63048047
15.64391347
15.54984559
15.57420600
15.59793347
15.57145329
15.61835300
15.62590235
15.64546676
15.67500194
15.69772988
15.66823206
15.65664171
15.67241982
15.62589265
15.59842041
15.62116800
15.62029341
15.56245859
15.55392706
15.61840718
15.58666576
15.56045506
15.57845106
15.61107894
15.60006853
15.57155671
15.59777418
15.64262800
15.63894247
15.61472176
15.61687471
15.53632294
15.54711641
15.53570524
15.53798600
15.59150641
15.56287835
15.55277435
15.60479006
15.62059606
15.58888765
15.61755294
15.61934747
15.61635100
15.61912994
15.85186553
15.58868188
15.57207229
15.57394341
15.55158153
15.59426129
15.60432194
15.57955124
15.64960329
15.62265212
15.59123559
15.60933329
15.59895994
15.61606294
15.66446265
15.64742041
15.63307635
15.62002465
15.62842276
15.66626447
15.65107965
15.65324182
15.66374929
15.63065988
15.62714812
15.64264459
15.65017888
15.60607276
15.63950353
15.64446553
15.63828965
15.62902882
15.65855812
15.59415865
15.60611994
15.62625353
15.57643065
15.60199576
15.57462229
15.55638882
15.57626329
15.55530812
15.52610247
15.52769865
15.58970700
15.60795082
15.64515782
15.64097406
15.66025847
15.63465712
15.61344547
15.63686076
15.65713571
15.65295224
15.64273482
15.62778318
15.59153629
15.63284229
15.63055965
15.60758488
15.61036729
15.63326888
15.64810959
15.65996129
15.62591829
15.59076129
15.58891994
15.60873524
15.58250088
15.56863429
15.59877494
15.62430447
15.65097059
15.64393129
15.64080841
15.62956271
15.58551606
15.59629700
15.63801159
15.64772324
15.68692929
15.60956359
15.63436082
15.62013529
15.62312665
15.65988718
15.63666724
15.65756129
15.65389859
15.60604947
15.68588759
15.60422288
15.62232294
15.62893100
15.64790312
15.64461041
15.65908365
15.58869694
15.58299965
15.59413588
15.54132388
15.55027959
15.54024171
15.56784794
15.56296959
15.58383388
15.53851594
15.55041682
15.53467906
15.58644294
15.64390747
15.64497206
15.64364300
15.67483794
15.55529047
15.64336647
15.61930318
15.60924447
15.63457771
15.61400582
15.62847812
15.64328982
15.61342753
15.64129859
15.64261171
15.63140571
15.62364459
15.68632641
15.68285147
15.59849747
15.62134671
15.70626976
15.60926935
15.59511282
15.60367200
15.60321559
15.62291029
15.65747924
15.63930618
15.60762694
15.61119653
15.59947547
15.65650365
15.67452700
15.63039853
15.64466471
15.66219071
15.62755259
15.63738341
15.66393506
15.67057871
15.65900624
15.62958376
15.63818653
15.67409418
15.64168918
15.62560400
15.62059200
15.63187888
15.63434500
15.63336453
15.61229165
15.60560276
15.60672929
15.58104294
15.58961747
15.57515841
15.54558235
15.58764912
15.57602871
15.56695153
15.56139724
15.56582465
15.48436665
15.55115412
15.64131747
15.63640229
15.67121206
15.63799653
15.66018382
15.64981406
15.63877324
15.65971506
15.65111788
15.64099588
15.62458259
15.64062659
15.65105071
15.65650047
15.64016576
15.67399835
15.66847853
15.66925129
15.58995835
15.59855359
15.62034906
15.57541200
15.55403218
15.63187982
15.62528076
15.64962312
15.63720265
15.57922147
15.54361341
15.53171635
15.54834153
15.57573024
15.57896553
15.63542053
15.63949088
15.69761318
15.69830694
15.69995847
15.70886359
15.67368059
15.64327153
15.63176059
15.63140600
15.63183747
15.61527259
15.67656635
15.64895724
15.64784500
15.67037588
15.79757406
15.63809247
15.63382706
15.57786965
15.53742547
15.57269165
15.53043912
15.54862512
15.54963894
15.52717124
15.51214171
15.56962094
15.55382929
15.59960929
15.63841700
15.61493324
15.62906053
15.62083512
15.64378876
15.63132165
15.63925465
15.62760418
15.61588900
15.62268529
15.63156706
15.64915900
15.65653800
15.66237582
15.62638059
15.63820182
15.65042571
15.61671700
15.65434188
15.58670276
15.62842306
15.58502353
15.54691006
15.56914482
15.62520147
15.60905241
15.57949012
15.65268753
15.60330918
15.61826571
15.55946829
15.56768629
15.62590694
15.66562547
15.65329706
15.62719288
15.65212594
15.64097688
15.65725724
15.65466659
15.65868424
15.66499476
15.63805518
15.61803224
15.68092647
15.62673724
15.64056176
15.64307594
15.66096665
15.63710318
15.63867888
15.58700112
15.61226000
15.59480288
15.56109200
15.58094941
15.59893494
15.58130876
15.58138082
15.58232888
15.60944659
15.59687965
15.58445435
15.61494753
15.65746235
15.66915459
15.63475153
15.64513318
15.65453624
15.64058147
15.64275141
15.63070735
15.65577506
15.59843341
15.62088600
15.61934947
15.64929029
15.62939588
15.62599088
15.61974529
15.65731671
15.64134812
15.64169971
15.59169771
15.64392671
15.58797729
15.60253976
15.57704124
15.61023606
15.61754529
15.65896359
15.67645959
15.62966006
15.61239459
15.62230276
15.61078035
15.66693141
15.66814829
15.63937118
15.64317271
15.66582724
15.65479382
15.69842035
15.67725159
15.68044082
15.66633718
15.62485347
15.63595835
15.68096818
15.65218259
15.65057529
15.65338471
15.69016329
15.66922018
15.62918206
15.62954594
15.60491765
15.62448188
15.59332094
15.57527124
15.62973329
15.62708512
15.60990659
15.63427265
15.64227741
15.66230418
15.65594212
15.67147847
15.68338400
15.70163476
15.72813318
15.69508182
15.70010618
15.64496594
15.70174265
15.67939276
15.68482076
15.70334524
15.67515706
15.65605518
15.69339524
15.64582224
15.66006012
15.66865512
15.68835518
15.69865647
15.71879459
15.68527700
15.67541959
15.67200971
15.69077447
15.66728606
15.67433929
15.66542894
15.69546418
15.68770171
15.70823635
15.68285076
15.67188000
15.66503871
15.63897629
15.62203524
15.62662694
15.70253218
15.68426424
15.67370582
15.68264900
15.71655882
15.72002547
15.71138388
15.65718471
15.67423671
15.68143665
15.65513994
15.69201353
15.66775176
15.68331106
15.70288988
15.71600329
15.65098882
15.68903941
15.68523506
15.65498935
15.66297000
15.64307871
15.60426876
15.63418529
15.66301882
15.63693571
15.65814800
15.60156412
15.56708094
15.71077500
15.70937776
15.69589459
15.66147612
15.61660706
15.65064571
15.61452353
15.54098276
15.58039276
15.52293894
15.55571024
15.52916400
15.58037947
15.56262865
15.53594841
15.65338518
15.66630359
15.60653876
15.62777618
15.58710535
15.54633994
15.57045406
15.53278788
15.53705324
15.56946253
15.57159112
15.57874888
15.62623235
15.56810835
15.60804024
15.58452200
15.63094465
15.63392612
15.64605653
15.64726847
15.63701988
15.59861094
15.64180794
15.65984106
15.65392771
15.67331788
15.65559418
15.64010229
15.66894876
15.66135606
15.65012906
15.66725471
15.67266612
15.65983806
15.66050600
15.62953724
15.58164671
15.58699235
15.56355194
15.58459288
15.55288594
15.61736929
15.57360088
15.55349553
15.61277971
15.61335694
15.60376600
15.60699653
15.64505394
15.65942212
15.65941771
15.67062841
15.64349600
15.66052947
15.68202506
15.65743224
15.65503088
15.65413900
15.67306029
15.64576812
15.64113400
15.65532976
15.60210224
15.65167118
15.66861471
15.65025235
15.67971235
15.64889588
15.58459447
15.62786082
15.59680829
15.60264047
15.61221218
15.64354735
15.64058435
15.64358012
15.66022212
15.61387588
15.60846971
15.56246388
15.60800482
15.63276900
15.63420682
15.65210588
15.61801182
15.62372524
15.65885753
15.63678612
15.66857200
15.67400665
15.61901776
15.61450788
15.64479188
15.63994488
15.62380994
15.62701435
15.62224182
15.62122641
15.65312559
15.82084253
15.66264935
15.55023953
15.57254241
15.56416224
15.59531600
15.58579376
15.53929788
15.56881018
15.57122982
15.57955265
15.59162635
15.57300753
15.62131724
15.63916635
15.65423218
15.63480194
15.67579888
15.69456124
15.67235006
15.64396918
15.65823271
15.69302988
15.66884729
15.65812582
15.70778529
15.70335676
15.66805271
15.70101212
15.67699041
15.70418718
15.72191771
15.71350318
15.64283224
15.70224671
15.66409876
15.66681535
15.68895041
15.65878435
15.72023541
15.71828494
15.73954694
15.71176953
15.68200518
15.67815006
15.68124365
15.70767724
15.71169018
15.70174106
15.68175753
15.66388682
15.60370729
15.64291029
15.67893982
15.66773518
15.66821941
15.62259194
15.64521265
15.65292982
15.64626771
15.63778718
15.65469435
15.65819853
15.64592847
15.65238971
15.57310647
15.58354059
15.62253553
15.59000588
15.55933041
15.58610682
15.57948806
15.59400365
15.60120165
15.61967712
15.55368718
15.60125829
15.62862194
15.62820153
15.64587188
15.64883035
15.64582082
15.60803565
15.60831147
15.62688106
15.62115053
15.63094418
15.61539171
15.59959135
15.61093541
15.65840988
15.61864812
15.62277306
15.63394324
15.64445982
15.65811841
15.64917100
15.59371629
15.59172900
15.61063547
15.56190453
15.57522976
15.60173929
15.62712312
15.68097324
15.65402394
15.63941394
15.59060424
15.57282724
15.62001529
15.67411188
15.91292918
15.67611394
15.66094076
15.65216012
15.63232329
15.64662800
15.64908135
