17.71585094
16.04430822
15.95948583
15.94776878
15.93738550
15.93206561
15.92335794
15.97378156
16.03868261
15.93093950
15.97685733
15.97931378
16.01152061
15.90022244
15.94073222
15.95092133
16.03970283
15.90117578
15.98069211
15.94587522
15.93554389
15.93023939
15.96594894
15.93854244
15.94608950
15.90071317
15.91478422
15.89242817
15.89374906
15.89594639
15.98463856
15.94220467
15.90133783
15.89203928
15.90213728
15.92617794
15.87207394
15.87774711
15.92273283
15.88732233
15.97427300
15.93375950
15.88664406
15.98241278
15.96651394
15.93130606
15.97686144
15.95567567
15.98473194
15.98937439
16.01095156
16.01206089
15.98942533
15.91553400
15.96345044
15.94129117
15.93920300
15.90597156
15.99259028
15.95189767
15.93963083
15.87545950
15.86850422
15.84262050
15.96609444
15.91446933
15.90289978
15.93470878
15.85660394
15.94159417
15.90147678
15.96393267
16.00394356
15.93194256
15.95834583
15.95211094
15.96146261
15.98736300
15.91248406
16.04244228
16.00714239
16.02036461
15.92744389
15.89115522
15.92627122
15.95211567
15.93366689
15.96002883
16.00309250
15.89696478
15.91507100
15.95797611
15.96112944
15.91007078
15.93876933
15.95351778
15.88070550
15.94101756
15.89074861
15.84838022
15.91549022
15.96312228
15.90493017
15.93163717
15.90519883
15.94421283
15.85698172
15.87448500
15.89822878
15.90857822
16.00541717
15.98040156
15.97954400
15.94585894
15.92008728
15.93580606
15.96221406
15.94063067
15.95038361
15.95448167
15.95748250
15.93606200
15.97047550
15.87920139
15.91666222
15.94048544
15.90375889
15.88290856
15.94998644
15.96630033
15.86976228
15.94228917
15.88364583
15.88601339
16.03495461
15.92446344
16.03718467
16.04252222
15.94817600
15.98546133
16.03014256
15.98632011
16.00340739
16.00487161
16.05030367
15.94549600
16.22976839
15.97575106
16.00239500
15.90654572
15.95551217
15.96732333
15.95327911
15.96599122
16.01944933
15.93441422
15.90335033
15.93991378
16.18311461
15.98326094
16.00081772
15.94247994
15.83888667
15.91538794
15.94904311
15.92414500
15.95981533
15.94555794
15.92384689
15.86853428
15.89452783
15.88136328
15.91198528
15.89949800
15.93098589
16.01825650
15.92586917
15.96395344
15.96397344
15.95805450
15.94090783
15.94366450
15.98795861
15.96881228
15.95731039
15.90117133
15.99141494
15.92782167
15.91788656
15.94546228
15.87526433
15.92379106
15.93064022
15.94294567
15.90904367
15.87904256
15.93621217
15.91464856
15.97828811
15.94445778
16.02957094
16.02190728
15.96790278
15.93576322
15.96329022
16.00973889
15.95750900
15.96491083
16.02401422
16.02902406
16.01013889
15.92682539
16.00077878
15.97652883
15.97341767
15.92369839
15.96316639
15.95963644
15.98370144
15.89622089
15.90239928
15.95947789
15.90378256
15.86837833
15.99015383
15.90973361
15.93765439
15.96964783
15.91425978
15.90789200
15.92996756
15.94568089
15.93423783
15.93713178
15.93523411
15.96276656
16.00116256
15.95243361
15.99482778
15.96209011
15.98266639
15.90664644
15.89554850
15.89697200
15.97327450
15.88748361
15.91864061
15.91158906
15.92148917
15.95269733
15.96030872
15.88281661
15.91430517
15.91768206
15.89559828
15.89860539
15.92805706
15.93538028
15.90265278
15.91514772
15.87903800
15.90627489
15.90143867
15.91953411
15.92605678
15.95488961
15.94491389
15.93931211
15.90609672
15.89725994
15.88985922
16.00483700
15.95116428
15.95785233
15.88871056
16.03697711
15.94857483
15.89618733
15.90481100
15.93031406
15.87818978
15.92327094
16.00049200
15.92600000
15.96008850
15.95671522
15.91877033
15.95665572
15.97124878
15.94354894
15.90208261
15.91586700
15.86864017
15.85824289
15.92913161
15.92756594
15.90852794
15.98013306
17.43422678
15.91822900
15.91493667
15.88355822
15.96797167
15.96573683
16.06320072
15.90999861
15.97011861
15.99862400
15.92757050
15.91818722
15.95990917
15.98358867
16.00771544
16.04260417
16.04067778
15.96625300
16.00529400
15.98202950
16.02155294
16.00112456
15.95805267
15.97657717
15.89357383
15.95144744
15.88764033
15.90512267
15.95162661
15.91044311
15.92709606
15.90845700
15.85607528
15.88162333
15.94897600
15.89427744
15.95876372
15.97281950
15.95259978
15.95754267
15.90200833
15.95062706
15.94122428
15.96533061
15.93770289
15.93825244
15.93609628
15.94970589
15.97894206
15.86348933
15.91523472
15.89435783
15.90225817
15.87635617
16.03905133
15.95221939
15.94155250
15.92899111
15.92259228
15.96416928
15.91914233
16.01513172
15.97379672
15.98714067
15.94402861
15.89786283
15.97639094
15.93652572
15.93123756
15.98675733
16.02171361
15.88485639
15.90301811
15.98154122
15.91551361
15.97022006
15.94738422
15.96646650
15.90669689
15.90113217
15.90852478
15.87997878
15.91023883
15.93135778
15.91511533
15.86179072
16.01165111
15.96884444
15.89292900
15.93322194
15.94060689
15.93095278
15.94340911
15.88500694
15.90137672
15.96147956
15.89542022
15.90628250
15.87803244
15.90020256
15.91881678
15.93154789
15.99317667
15.89997289
15.93337333
15.94719267
15.99399794
15.87677894
15.87265756
15.92783306
15.87940067
15.94441850
15.98579589
15.94155850
15.92842350
15.85558878
15.92291817
15.95053033
15.91528567
15.94356644
15.92218806
15.92382172
15.90517806
15.87846544
15.88233489
15.93044067
15.87606578
15.90087228
15.87589150
15.92728772
15.89073650
15.88060744
15.89666739
16.00860206
16.00632728
16.02412244
15.91581322
15.98422278
16.00587450
15.95357628
15.93708478
15.91129772
15.92553278
15.96299272
15.99027950
15.89669878
15.91196139
15.94169022
15.92905933
15.91335733
15.94182700
15.91702633
15.88950044
15.89699544
15.98472672
15.97346478
15.90633067
15.99029883
15.99924717
16.02281556
16.08090061
16.04746617
16.03505056
15.99933083
16.03802283
16.08102000
16.06988839
15.98083867
16.02899606
16.03045433
16.04110778
15.96694550
15.96212156
15.95862000
16.21754539
16.03115567
16.07528550
15.97774428
15.97432272
16.03064172
16.00723867
15.94263078
15.95720578
15.93762117
15.89495100
15.92208883
15.87894050
15.97879144
15.96025383
15.99979889
15.97762122
15.92706078
15.90114056
15.95575372
15.89226011
15.93002806
15.90993944
16.01841333
15.95758067
15.94083167
15.90113622
16.03075833
15.93673506
15.93625806
15.93896067
15.91433383
15.95430411
15.93805011
15.90089050
15.88722539
15.87742578
15.91076756
15.90238661
16.07501072
15.95834183
15.93330944
15.91192700
15.90485828
15.89877544
15.98556128
15.91042572
15.89399894
15.91195967
15.92559483
15.90959433
15.82832578
15.93468767
15.92999817
15.92836439
15.93795022
16.00356989
15.97028967
15.92623750
15.99088517
15.95410689
15.96160350
15.93295467
15.98711794
15.92718089
15.96462000
15.96486956
15.95059772
15.86227506
15.91021111
15.95428894
15.94591817
15.93634667
15.95147550
15.96199817
15.97838000
15.89543589
15.93730672
15.95774294
15.99507522
16.00072967
15.94353889
15.96866183
15.98027128
15.97572628
15.96666894
16.03491078
16.04082233
15.99767933
16.02746767
15.98647717
15.97845494
15.99333356
16.00306028
15.99076278
16.01881672
15.92132394
15.94575833
15.91803733
15.92334533
15.91233239
15.92371711
15.88589511
15.88246961
15.99564667
15.93820322
15.89313533
15.91791444
15.89791594
16.01200522
15.95775517
15.92201239
16.07137872
16.03299283
15.97503800
15.93489533
15.97596811
15.93826100
15.90019961
16.00697600
16.05032100
15.90869278
15.94669806
16.00622478
16.01142611
15.94044994
15.98202739
15.98252039
15.94907167
15.95631961
15.92377583
15.97490556
15.94793217
15.92346294
15.93403678
15.93798917
15.92797994
15.92184644
15.88877789
15.89538794
15.87300756
15.93285350
15.96520400
15.93152928
15.93496406
15.89036722
15.92715844
15.90736489
15.96459172
15.96303256
15.97056239
16.04257772
16.04227728
15.97913728
15.94477817
15.95715828
15.96023344
15.88765228
15.94538456
15.94315467
15.89995078
15.91640661
15.89514200
15.90380183
15.94013733
15.89774111
15.88022639
15.84058206
15.91536789
15.89722044
15.85770306
15.85260106
15.90765733
15.91459028
15.92487722
15.92609406
15.93493356
15.95053083
15.87327933
15.94033033
15.87961444
15.86643300
15.92224650
15.99687972
15.97619150
15.90220306
15.91790772
15.86955178
15.86904222
15.91815089
15.94694056
15.91133139
15.87901061
15.86917689
15.93385022
15.93654267
15.90928561
15.87378989
15.87129778
15.86021706
15.93250850
15.93404072
15.91869217
15.87981717
15.95431978
15.95757050
15.95966611
15.92981639
15.90182839
15.99582011
15.89911772
15.97465122
15.98880200
15.91360167
15.94697700
15.95362500
15.94923378
15.90566256
15.90898606
15.94561144
15.92059444
15.96159756
15.94675511
15.96938539
15.97124100
15.96021850
15.95973428
15.99116411
15.94167844
15.96962811
15.95349800
15.94208433
15.94698489
15.91727700
15.95272944
15.90379944
15.90714617
15.91953756
15.96304822
15.96903011
15.98024206
15.93824450
15.98130433
15.91490711
15.93126761
15.91711533
15.93361311
15.91554433
16.02248750
15.89885067
15.97061106
15.98531411
16.01687722
15.93411156
15.95615039
16.02537706
15.97867067
16.00177144
15.99518111
15.90418256
15.97103328
15.94209478
16.00578706
15.94405339
15.97589322
15.93134589
15.90773539
15.95817572
15.95581383
15.98803817
15.97075994
15.95306600
15.97434106
15.98703317
15.95502739
15.91504489
16.00624461
15.91538717
15.95970189
16.02420356
16.04136028
15.88151394
15.96481889
15.97677306
15.94094661
15.86185056
15.92719811
15.96641994
15.96463611
15.94504461
15.97397244
15.94143800
15.90435856
15.95577889
15.94112156
15.92048589
16.00017550
15.94609167
15.91997017
15.94020361
15.96199294
15.89994367
15.93352678
16.00533856
15.92802450
16.04646772
15.91777306
16.00457733
16.01271956
15.99883822
15.97965772
16.10291900
16.07967967
16.05788928
16.60822544
15.92709011
15.91577883
15.92571567
15.90054861
15.90166267
15.92237739
15.92076300
15.90729356
15.90410283
15.90364722
15.91174289
15.88171078
15.92392989
15.95558083
15.90437033
15.90813489
15.92561050
15.95608694
15.94731956
15.98452906
15.96420133
16.03362828
15.96154650
15.94989372
16.00537267
15.98867844
15.94084933
15.93231489
15.97883133
16.02748839
15.95043383
15.98933428
15.99477872
16.02146050
15.87258700
15.95652978
15.90187017
15.98416911
15.88299928
15.92394361
15.88149272
15.90959767
15.86530533
15.92024761
15.93254033
15.97453094
15.88088178
15.92055867
15.90431444
15.88320844
15.90362083
15.95288694
15.97121539
15.95272261
15.95547000
15.95545150
15.98230022
15.96242278
15.88752500
15.95560861
16.00809106
16.00229011
15.88492528
15.92151467
15.93488667
15.92437144
15.93852533
15.96465561
15.95984956
15.94210772
15.89900711
15.85306017
15.95147983
15.92696806
15.86201572
15.89632494
15.94697767
15.92350044
15.92164244
15.83531628
15.83687833
15.94084422
15.92370961
15.95311756
15.90688700
15.97110883
15.93699706
15.93256372
15.92549289
15.90802150
15.94314694
15.99241722
15.99470189
15.90452022
15.94029956
15.88186400
15.87021139
15.95168489
15.91292750
15.87682161
15.95798172
15.91667533
15.86319039
15.91299906
15.91832522
15.89846006
15.84668278
15.86883628
15.90745967
15.92117822
15.89809967
15.89215444
15.86543411
15.92732489
15.93416594
15.92296433
15.93063089
15.90457772
15.94232289
15.89519739
15.96486806
15.95350611
15.93809133
15.96580167
15.93819822
15.98017167
15.95745839
15.92794533
15.93312300
15.98758211
16.17588550
15.94573994
15.98821456
15.95369533
15.92854556
15.93678522
15.92715372
15.97031561
17.26993256
15.92185606
15.92387583
15.93897861
15.95154017
15.89116206
15.90599344
15.87023961
15.87561494
15.98017189
15.94261833
16.03652956
15.96569250
15.89102794
15.89032817
15.92263917
16.00458161
15.97575522
15.95359539
15.94000767
15.89056728
15.97132400
15.93672778
15.91371061
15.90861883
15.94588689
15.89285500
15.87857411
15.90139789
15.87350011
15.88784656
15.92357728
15.85291350
15.86653072
15.91023717
15.94640389
15.95823167
15.91461378
15.88699456
15.97237100
15.95499794
15.93162628
15.97001600
16.01705767
16.03665156
15.88651094
16.00381078
15.95018250
15.98151822
15.93382256
16.00925361
16.05646811
15.98655911
15.99897061
15.96175956
16.10549261
16.06275939
16.00187833
16.01749350
15.99935039
15.96735111
16.04322556
15.88503767
15.91033122
15.91591600
15.93021956
15.97099633
15.98707233
15.98975722
15.94622556
15.84734467
15.88418472
15.94454600
16.02739533
15.88013117
