19.52492216
17.88711068
17.72702642
17.69791168
17.76246547
17.66427105
17.74901784
17.77679658
17.73492226
17.75100163
17.76355268
17.97908974
17.74646747
17.74868189
17.74513332
17.74442037
17.73896674
17.72243537
17.73823305
17.69763658
17.52523074
17.56723721
17.55447600
17.60355237
17.59694600
17.68238500
17.62001521
17.66050989
17.63480026
17.63626547
17.63110437
17.64026416
17.61509411
17.65221526
17.63380053
17.71046658
17.65570395
17.66629253
17.63422084
17.71709011
17.74067358
17.72806747
17.74875489
17.69035121
17.73637895
17.73092079
17.73258747
17.73974563
17.69882326
17.71073921
17.68546647
17.67587179
17.68998111
17.86353789
20.02216921
17.80549500
17.76511853
17.82294037
17.81638037
17.80726784
17.84707842
17.84618058
17.84020868
17.74623947
17.73344826
17.72441589
17.68288437
17.68554595
24.15209342
17.78733174
17.74425121
17.75904642
17.76201289
17.71426353
17.72014868
17.71788742
17.74645511
17.66444979
17.67827474
17.69524389
17.70623889
17.70343726
17.75351089
17.73888479
17.74178311
17.68083168
17.66657374
17.69684937
17.87635258
17.74548011
17.75722347
17.76212384
17.78228942
17.74491147
17.70518253
17.68646795
17.65959889
17.73898868
17.69827595
17.72007184
17.69768021
17.72891405
17.72917968
17.80376942
17.79611784
17.73346600
17.70897305
17.71859337
17.73920716
17.75006611
17.72575184
17.75179847
17.69342547
17.65753032
17.71292732
17.69027011
17.72458874
17.67233721
17.66782337
17.69053421
17.73265805
17.73516637
17.75960316
17.79273979
17.89366242
17.72267995
17.70647526
17.73196547
17.70752468
17.74906105
17.67270084
17.70846558
17.68583763
17.70455347
17.75180232
17.76757821
17.74723458
17.70398042
17.72503868
17.72946211
17.73259442
17.71825711
17.69667047
17.71372084
17.66929800
17.67448547
17.71357963
17.70717805
17.68604863
17.72843989
17.69432211
17.70276505
17.66898637
17.68731853
17.69409947
17.78022279
17.78711811
17.74382811
17.74502489
17.73727195
17.69083063
17.71987358
17.71774211
17.73636442
17.72233463
17.69365800
17.71090826
17.73871405
17.73758816
17.70714416
17.71734253
17.74065189
17.79304405
17.79799674
17.76053216
17.75893742
17.70300332
17.76480195
17.74420195
17.73540495
17.78717984
23.02657316
17.70017137
17.69313042
17.69440789
17.71660353
17.67522184
17.75409242
17.74151363
17.74283595
17.69428405
17.71851979
17.69990084
17.72018542
17.66198832
17.67811237
17.71226379
17.67694916
17.72280879
17.73246895
17.75758521
17.69584011
17.69233347
17.67833521
17.72592000
17.72253084
17.79803389
17.74626495
17.68991200
17.69414884
17.71174526
17.67455674
17.68301421
17.69168879
17.69683011
17.72876405
17.66612321
17.68037195
17.72621032
17.75070989
17.77291979
17.72305211
17.71805832
17.70501100
17.70038511
17.74497911
17.68368158
17.74116737
17.74960537
17.69266942
17.71433753
17.78505500
17.74211426
17.68157789
17.72689516
17.88281879
17.84820863
17.80329284
17.75686811
17.78021726
17.67851737
17.74419611
17.72720184
17.73614479
17.70356758
17.69449495
17.68738942
17.73812600
17.75608237
17.73382853
17.77755905
17.81078916
17.80276874
17.77128984
17.74494316
17.76244279
17.76431384
17.73314474
17.69108247
17.73740011
17.70743242
17.72762132
17.73611232
17.75978221
17.80782942
17.71100811
17.71085479
17.76008337
17.72732505
17.72740716
17.71669684
17.71510126
17.69722095
17.68270484
17.73773311
17.73372558
17.65450574
17.71870026
17.71410674
17.69389505
17.75081874
17.72266226
17.72982263
17.77099837
17.77451837
17.71826721
17.72146505
17.71963126
17.70245447
17.72082453
17.70855847
17.71402542
17.71500637
17.82875700
22.66225268
17.79684853
17.74446932
17.71496000
17.72109779
17.69905000
17.73136437
17.70556421
17.70153221
17.76271716
17.70458237
17.70510205
17.72932632
17.69172942
17.64134447
17.67530105
17.63942995
17.68019884
17.66551784
17.72230937
17.69483374
17.78433595
17.75121442
17.73427400
17.74295447
17.72029895
17.69102789
17.73876263
17.70445653
17.74703542
17.70406032
17.68509637
17.73881626
17.75542468
17.74400526
17.70765537
17.72914832
17.69662758
17.71334258
17.73004495
17.94113595
18.12868826
17.68257505
17.68349626
17.69606747
17.70706884
17.71442816
17.74319168
17.70326637
17.69760142
17.73442553
17.76808195
17.79271721
17.80017789
17.75983053
17.85636700
17.73275984
17.70650242
17.73643184
17.70850700
17.71332926
17.73569089
17.71128911
17.71747711
17.78437242
17.73067405
17.75026063
17.77173653
17.74208716
17.71106279
17.75746674
17.74444237
17.74059600
17.77408558
17.73373637
17.65771453
17.74679542
17.72877084
17.69007426
17.72613826
17.71924721
17.75387889
17.74303311
17.79711953
17.78092405
17.82998174
17.76531611
17.72993805
17.75137626
17.73653726
17.66708705
17.75717079
17.73770316
17.80766516
17.77281647
17.69986274
17.78286489
17.79150353
17.75206289
17.70376705
17.70673311
17.72525226
17.72602111
17.69243753
17.68574011
17.73778789
17.71010426
17.70056753
17.69980847
17.67212884
17.65101016
17.70303037
17.65822995
22.57167537
17.73450242
17.73736105
17.74094732
17.73257158
17.76154932
17.72522253
17.72095789
17.72526474
17.71532389
17.76204095
17.75956174
17.71177637
17.70530532
17.69950311
17.72595700
17.75274511
17.73318753
17.75380589
17.68742558
17.73721263
17.75385679
17.69163421
17.71911437
17.71661179
17.65399979
17.63022105
17.71094937
17.72970484
17.67959211
18.04734289
17.66901626
17.68396263
17.69172674
17.73059574
17.72682842
17.77399200
17.80862574
17.75431132
17.75009142
17.75357474
17.74552300
17.76816916
17.72226889
17.77850563
17.75267889
17.72696711
17.76818842
17.80081105
17.79349784
17.71169974
17.73688284
19.21356626
17.81196632
17.83355263
17.75334868
17.74218979
17.69410584
17.67472232
17.71754821
17.68438563
17.66259263
17.68912463
17.67722100
17.70079016
17.73326905
17.75246353
17.72234737
17.77883495
17.71071174
17.73033684
17.73413653
17.76263468
17.73694226
17.76108332
17.73781063
17.71221237
17.76798937
17.71022463
17.73338753
17.77032342
17.75162521
17.72063468
17.70787868
17.75183521
17.73740911
17.68295732
17.70564305
17.72463763
17.69381295
17.66142974
17.70667426
17.71498958
17.70133589
17.68990668
17.64636689
17.67948184
17.70888389
17.73552321
17.70446579
17.77744089
17.75477126
17.73304142
17.73169332
17.73678916
17.69084147
17.70672226
17.68980242
17.70767774
17.72688126
17.75761932
17.85016995
17.81783411
22.57715300
17.72467726
17.74451679
17.77621384
17.75122153
17.75463721
17.74653505
17.75345163
17.75126126
17.76022632
17.74209889
17.72165842
17.69286147
17.69341784
17.70759074
17.74517921
17.73210126
17.72295900
17.75173237
17.74973532
17.78461668
17.70848868
17.70300011
17.70598258
17.69335105
17.71586889
17.70412268
17.69691942
17.71194874
17.72685332
17.75488532
17.71816174
17.79751758
17.70050716
17.73045116
17.72217274
17.74222232
17.73350895
17.72560726
17.74451205
17.73556021
17.72482211
17.72251732
17.72090174
17.71584547
17.71934411
17.65721937
17.67572621
17.74411863
17.73846342
17.74604795
17.77963426
17.79519405
17.76764995
17.85835347
17.74532863
17.68079316
17.74508895
17.71086205
17.72441737
17.71235337
17.70920937
17.76485432
17.76083221
17.76060616
17.77138642
17.77422468
17.76654379
17.75683547
17.77078584
17.74368900
17.78771963
17.72575837
17.73339000
17.73174532
17.76894563
17.72812058
17.75306637
17.70261942
17.75346337
17.73992742
17.74657021
17.77892179
17.76466937
17.76960900
17.73819505
17.73262516
17.73603916
17.74851526
17.75556153
17.69894716
17.71688316
17.71593879
17.70730305
17.70677963
17.77324032
20.45134763
17.81357232
17.76109684
17.75041816
17.78969737
17.75195126
17.76530842
17.79674953
17.69710453
17.74978758
17.69942426
17.69893300
17.64313274
17.64460553
17.77873374
17.68085837
22.60222168
17.74831153
17.74516532
17.73615511
17.78709968
17.76632453
17.74822121
17.74536605
17.75319226
17.75078353
17.69799805
17.70519868
17.72378195
17.71529842
17.76193268
17.73130363
17.74729179
17.69439795
17.71492079
17.88104947
17.72716721
17.72426574
17.74862174
17.71083742
17.70016168
17.67264874
17.70242026
17.69914016
17.64812237
17.63697026
17.69792163
17.68851768
17.71076253
17.74212274
17.73977900
17.76552163
17.73341663
17.72586095
17.75004779
17.69714274
17.72035974
17.72122000
17.67655437
17.73782874
17.68461568
17.67916484
17.70966926
17.75219116
17.76711747
17.68153189
17.68743289
17.72715279
17.75979963
17.71147216
17.82007021
17.74928184
17.69524158
17.70978721
17.72230337
17.71338984
17.65633763
17.70862568
17.69011779
17.68372384
17.73243737
17.73004768
17.71287942
17.74885205
17.76545674
17.74983579
17.73215316
17.70269732
17.71221321
17.73637147
17.70328663
17.74426379
17.69514368
17.71523511
17.72343779
17.75598832
17.77211195
17.74040511
17.69452674
17.72555137
17.70769353
17.73261547
17.69057200
17.69342537
17.66357911
17.71534726
17.74217126
17.71125937
17.67679774
17.66420884
17.70767226
17.70159042
17.70747542
17.70649226
17.73135121
17.74611074
17.75080268
17.76825495
17.71657768
17.73991189
17.69169253
17.72818589
17.75271221
17.73025389
17.72370468
17.72538632
17.76846258
17.87439442
17.74856579
22.54036321
17.77939479
17.73665979
17.72670700
17.73167163
17.71056705
17.71872674
17.71412105
17.79265205
17.71364421
17.69589358
17.68694911
17.69520111
17.65359084
17.70630558
17.68007379
17.66419742
17.69046389
17.76646511
17.78793658
17.69830811
17.73180779
17.68712858
17.71656811
17.73675868
17.75376542
17.76402884
17.71720916
17.73011332
17.73957005
17.76700032
17.76656389
17.69001847
17.71713974
17.71283221
17.71131316
17.73862621
17.70234005
17.68648516
17.68564579
17.68638811
17.68693853
17.70723247
17.65886611
17.68840737
17.70076653
17.71887500
17.67434937
17.71496705
17.70665316
17.75802426
17.74135058
17.69728742
17.74260379
17.82585742
17.83507458
17.82706026
17.79075921
17.81462184
17.78468400
17.72075474
17.77922447
17.82869300
17.77392374
17.80123947
17.84922747
17.84239042
17.76971542
17.77382516
17.75804337
17.73840721
17.70024995
17.73797453
17.73332063
17.71597074
17.66465168
17.68263526
17.65681716
17.68401995
17.72278758
17.73077100
17.76416384
17.82572984
17.81280258
17.73170679
17.72735111
17.78301500
17.72739642
17.74537289
17.74032268
17.77560174
17.74708784
17.71237947
17.74513295
17.80151321
17.73561147
17.74100889
17.70936421
17.73751911
17.74898616
17.75748211
17.71376479
17.71084205
17.71654979
17.68043005
17.70317926
17.71104674
17.66086563
17.67622616
17.69755232
17.80086358
17.69960179
17.75590779
22.54495616
17.79895842
17.77727232
17.72539900
17.69804279
17.70552521
17.72159495
17.73075863
17.70855058
17.75101058
17.70479884
17.69888037
17.72417316
17.79292847
17.75284274
17.72174032
17.72591963
17.70972421
17.73108305
17.74336758
17.74079668
17.74307684
17.67302632
17.69445084
17.71756995
17.71502342
17.68174442
17.71010079
17.72777211
17.72577174
17.65653489
17.71358174
17.80174795
17.82342958
17.81742279
17.72638547
17.77327458
17.79328037
17.77880584
17.85472647
17.76963363
17.73434211
17.76727084
17.74287705
17.72255089
17.75597289
17.75006963
17.75969674
17.71191442
17.71484021
17.69642784
17.74113905
17.73238242
17.81813758
17.67717274
17.68631368
17.73141826
17.73096079
17.68901153
17.62538768
17.68552984
17.69640958
17.74089163
17.72946937
17.71749168
17.73250816
17.74958500
17.73341037
17.72019105
17.72194995
17.71145758
17.76743442
17.68121526
17.75767705
17.72408300
17.73998321
17.74454437
17.74837847
17.76863168
17.72051921
17.71044374
17.76080826
17.74937537
17.68491637
17.72382389
17.74930105
17.68444442
17.70628979
17.69705611
17.68094911
17.67574263
17.67094253
17.69628126
17.69846647
17.72731732
17.75610721
17.75017495
17.79312258
17.78540305
17.73835863
17.72321668
17.72034200
17.75131837
17.72083079
17.72807763
17.73369495
17.73074547
17.75876711
17.79123284
17.80522347
17.86057879
17.71710442
17.70133221
22.59241421
17.75176947
17.73054568
17.73396226
17.73646553
17.68877405
17.68980189
17.74213774
17.70481321
17.63784574
17.68422732
17.68680800
17.69917237
17.73755011
17.74244626
17.71473595
17.75115000
17.78511116
17.70577274
17.70285147
17.72054421
17.74615821
17.67300868
17.70468753
17.72293163
17.71262621
17.69488747
17.71574611
17.75791347
