2.15080750
0.73189000
0.74171900
0.72586300
0.73303700
0.73049050
0.73503750
0.73434450
0.74073500
0.72765450
0.72407300
0.73910650
0.74560650
0.73507750
0.73532100
0.73462200
0.74641200
0.74372350
0.73926250
0.73415750
0.74916250
0.72960650
0.73833300
0.73848650
0.74283750
0.73841050
0.73619600
0.73626600
0.74762750
0.73965100
0.73980400
0.73189100
0.74108200
0.73678850
0.74115850
0.73822500
0.74405750
0.73011750
0.74104150
0.73537600
0.73982500
0.73215250
0.73122650
0.72522950
0.73374500
0.73054050
0.73924500
0.73589100
0.73926200
0.73129400
0.73373050
0.73094300
0.73557600
0.72690450
0.73958550
0.72754200
0.71644200
0.72977700
0.73834400
0.73016850
0.72815200
0.72860850
0.73590000
0.72779700
0.72889050
0.72934600
0.72808350
0.72284850
0.73075050
0.73020350
0.73681550
0.73091050
0.74066700
0.73197450
0.73899450
0.72582850
0.74656650
0.74021700
0.74038100
0.72830850
0.74395450
0.73787600
0.73789750
0.73652950
0.73666300
0.73542600
0.73369700
0.73569350
0.73740550
0.73679200
0.73741300
0.73707450
0.74293550
0.73837200
0.73778550
0.72508150
0.74247500
0.73358850
0.73318850
0.73516700
0.73408600
0.73435350
0.73297250
0.73513350
0.74114850
0.73792000
0.72998850
0.73654500
0.74489000
0.73273200
0.74202550
0.73570850
0.73793400
0.73363450
0.73430700
0.72961450
0.73800900
0.72621950
0.73944600
0.73371850
0.73015550
0.72714950
0.73887100
0.73367200
0.72915300
0.73119800
0.72481600
0.71652200
0.72703900
0.72678450
0.71992550
0.71293850
0.72798300
0.73051300
0.73597700
0.73321750
0.72746600
0.72762350
0.74587250
0.73561950
0.73723200
0.73929750
0.73959100
0.73262600
0.74505250
0.74269550
0.74240800
0.73462800
0.73461750
0.72895100
0.74030000
0.73262300
0.73692450
0.73789000
0.73982700
0.73611700
0.74592450
0.73886250
0.73840950
0.73029000
0.73974750
0.73258900
0.72879400
0.73812900
0.74097050
0.73274650
0.73334000
0.73563450
0.73829450
0.73906700
0.74206900
0.73755600
0.74067100
0.73281550
0.73763900
0.73213200
0.74348100
0.73283150
0.73414100
0.73331850
0.73613250
0.72839950
0.74238700
0.72541000
0.73656800
0.72498250
0.72049800
0.71887250
0.73218750
0.72402550
0.73427800
0.71954400
0.73035500
0.72579900
0.72990750
0.72793300
0.72769800
0.72623200
0.73088700
0.73753450
0.73774950
0.72744800
0.73399900
0.74290900
0.73448600
0.74044450
0.73409950
0.72709550
0.74070050
0.74271250
0.74439750
0.73795200
0.74079100
0.73288550
0.73981650
0.73592650
0.73910150
0.73238650
0.73876400
0.73725750
0.74205150
0.73812750
0.73724600
0.72341700
0.73543900
0.73947100
0.74586150
0.73320900
0.73981100
0.73431250
0.73327100
0.73031650
0.73931650
0.73394100
0.74012500
0.73492000
0.73739300
0.73046900
0.73553750
0.73287000
0.73884600
0.73783900
0.73109400
0.72699450
0.73814750
0.72786350
0.73892350
0.72126000
0.72886650
0.72648500
0.73966800
0.72969300
0.72894850
0.72398400
0.72632100
0.72400200
0.72964200
0.72372050
0.73113100
0.72980600
0.72828900
0.73678000
0.73315650
0.73267400
0.73580500
0.73022850
0.73999750
0.73899650
0.73455200
0.73797150
0.74093700
0.73361300
0.74169550
0.74327500
0.74054600
0.73772250
0.73794500
0.73277250
0.73900550
0.73394000
0.73010600
0.73393450
0.73685950
0.73092150
0.74158550
0.73859650
0.73896250
0.72262800
0.74364750
0.73092750
0.74622350
0.73074050
0.73356850
0.73543650
0.73887600
0.72789650
0.73587600
0.73416850
0.73985700
0.73783950
0.73377850
0.73539350
0.73641800
0.73389500
0.73989800
0.73485900
0.72828450
0.73020150
0.73414450
0.72959950
0.73856950
0.72165050
0.72029100
0.72218600
0.72108250
0.72984100
0.72624800
0.71985400
0.73394750
0.72015800
0.71043750
0.72425150
0.73056500
0.72504000
0.72502500
0.72760700
0.73680100
0.73722700
0.73775750
0.73154600
0.74287950
0.73594650
0.72538650
0.73636150
0.73750900
0.73378150
0.73851750
0.74317600
0.74571100
0.74273750
0.73773450
0.73370900
0.74212450
0.73531500
0.73626000
0.73682100
0.74405300
0.73537550
0.74467600
0.73897050
0.73606000
0.72062400
0.73318700
0.72589150
0.74472350
0.73209050
0.73852300
0.73286150
0.73681050
0.72929750
0.74072250
0.73336700
0.74652750
0.73257800
0.73824150
0.73585300
0.73341250
0.73625500
0.74089800
0.73723750
0.73076200
0.72733350
0.73504350
0.73087300
0.73660300
0.73195850
0.73110100
0.71501500
0.73386050
0.72741050
0.72998050
0.72654450
0.71624650
0.71507550
0.71011150
0.72347250
0.73019750
0.72891100
0.73053600
0.72878900
0.73740100
0.73463950
0.73398700
0.73225800
0.74550650
0.73636750
0.73551400
0.73776050
0.73156900
0.72016800
0.73075950
0.74007450
0.73835400
0.74203100
0.73436900
0.73237700
0.74361750
0.73924300
0.73051500
0.73599400
0.73994050
0.73376150
0.73214700
0.73667950
0.74040850
0.72590500
0.74196700
0.73316000
0.74742250
0.73143900
0.74135900
0.73300550
0.74032750
0.72838650
0.73575100
0.73603350
0.74120400
0.73311400
0.73277200
0.72748750
0.73163150
0.73400050
0.74052500
0.73352050
0.72734600
0.72901750
0.73767550
0.73167100
0.73474500
0.72703850
0.73407850
0.72828450
0.73233050
0.72918650
0.73076950
0.72468650
0.73284500
0.72368150
0.71197300
0.72398350
0.71259050
0.72123250
0.72962300
0.72912550
0.73682600
0.73588200
0.73299850
0.73176550
0.74300950
0.73654900
0.73231650
0.73796250
0.73902300
0.73016350
0.73723800
0.74357950
0.73963300
0.73570200
0.73671850
0.73025500
0.74351000
0.73961250
0.73461000
0.74012850
0.74120900
0.73249450
0.74495450
0.73116800
0.73766850
0.72569050
0.73702700
0.73627150
0.73824650
0.72257800
0.73940600
0.73416100
0.73376450
0.73100650
0.73891200
0.73533650
0.74101900
0.72333450
0.73871450
0.73214700
0.73490850
0.73469750
0.73172900
0.73500750
0.73057050
0.72236800
0.72677700
0.73277650
0.73451150
0.72599750
0.73711850
0.73084950
0.73281100
0.73016500
0.72866650
0.72235000
0.73268100
0.72338650
0.71345250
0.72250650
0.70969950
0.71915700
0.72853500
0.73290700
0.73741850
0.73368900
0.73699050
0.73255350
0.74374650
0.74532450
0.73352850
0.73996700
0.73875500
0.73283650
0.73786000
0.74425200
0.74238900
0.73948950
0.73472550
0.73288400
0.74222350
0.73717350
0.73487800
0.73739950
0.74116100
0.73644300
0.74250800
0.73741900
0.73827100
0.72340800
0.73903150
0.73032900
0.73940250
0.73160850
0.74412850
0.73403050
0.74353600
0.72855400
0.73702550
0.73550250
0.74213900
0.73169200
0.73165700
0.72670550
0.73607150
0.73268300
0.74020200
0.73590300
0.72849700
0.72912450
0.74049150
0.73397750
0.73801350
0.73053300
0.73515300
0.72631500
0.73548650
0.72902950
0.72780400
0.72594100
0.72848100
0.71517450
0.73165700
0.72250050
0.72996250
0.72673900
0.72944000
0.72931550
0.73798500
0.74198300
0.73729600
0.72968350
0.74056650
0.74070500
0.74048550
0.73260400
0.73720100
0.73603550
0.74057600
0.74217650
0.74262550
0.74152750
0.73654100
0.73438600
0.74365500
0.73897650
0.73488250
0.73927600
0.73751150
0.73836900
0.74212400
0.73897150
0.73959150
0.73027550
0.72759900
0.73438800
0.74532400
0.73750850
0.73762700
0.73539400
0.73542650
0.72658650
0.73726300
0.73539100
0.74262350
0.73347300
0.73951900
0.73441000
0.73612700
0.73299350
0.74302200
0.73541700
0.73380750
0.72599100
0.73381500
0.73155300
0.73676250
0.72750150
0.72958250
0.73219550
0.73267450
0.73124550
0.72928300
0.73316350
0.73249750
0.71249750
0.73112650
0.72986800
0.72755050
0.72883250
0.72868100
0.73149200
0.73639200
0.73491200
0.74035750
0.73147450
0.74136100
0.74364100
0.73847500
0.73460200
0.73991100
0.73603900
0.74281650
0.73442400
0.73338350
0.74274250
0.73830300
0.72978200
0.74031600
0.74026650
0.73650250
0.73470350
0.74237000
0.73549900
0.74217800
0.74038550
0.74552200
0.73497750
0.73874100
0.73602100
0.74290900
0.73332050
0.73284300
0.73326250
0.73654800
0.73390350
0.73612300
0.73656650
0.73125700
0.73989200
0.73316950
0.73742300
0.73486000
0.73570850
0.73540800
0.72806400
0.72351700
0.72659850
0.72924350
0.73212850
0.73077850
0.73061250
0.73233300
0.73502050
0.74069550
0.72656500
0.73142250
0.72804600
0.73305950
0.71628850
0.72855700
0.72877050
0.72533150
0.72919400
0.73102850
0.73239050
0.73120600
0.73869350
0.74146150
0.73162550
0.73692350
0.74156500
0.73346350
0.74025950
0.73530850
0.73411600
0.74648150
0.73992350
0.74412500
0.73873850
0.74188450
0.72910500
0.74177000
0.73965150
0.73489350
0.73385500
0.74021550
0.73874150
0.74520200
0.73271950
0.74277200
0.73239250
0.73828150
0.73261850
0.74685300
0.73140100
0.74160200
0.72851700
0.73635400
0.73202750
0.73709450
0.73430200
0.74284400
0.73218350
0.73551750
0.72671500
0.73976800
0.73156450
0.73637150
0.72716350
0.73362850
0.73027200
0.73423100
0.73178150
0.73569200
0.72590700
0.73417600
0.72818750
0.73781800
0.72618150
0.71333450
0.72851800
0.73569100
0.71216200
0.72777850
0.72769050
0.72655650
0.72729800
0.72933050
0.73130300
0.72985100
0.72975050
0.74030950
0.73295000
0.74421350
0.74305100
0.73976100
0.73773350
0.73255300
0.73169550
0.74880900
0.74327100
0.73856550
0.74026100
0.74015500
0.73168500
0.73829750
0.73665900
0.73565650
0.73253250
0.74309200
0.73374100
0.74078950
0.73648700
0.73868200
0.73238400
0.73767350
0.72868500
0.73760100
0.72998200
0.73741600
0.73019000
0.73900450
0.72997100
0.73704150
0.73053450
0.74484800
0.73440850
0.73578000
0.73263550
0.73870700
0.73091950
0.73854050
0.73522400
0.73328700
0.72758700
0.73117850
0.73491050
0.74008600
0.73215300
0.73166700
0.72889450
0.73654950
0.73020250
0.72687600
0.71694350
0.72401500
0.70686450
0.72883600
0.72637000
0.72841800
0.72543300
0.72768250
0.73185000
0.73351250
0.73473600
0.73300500
0.72913750
0.74055250
0.74138650
0.74190900
0.74022050
0.73674950
0.73359500
0.74650550
0.74346950
0.73952600
0.73930650
0.74053450
0.73237050
0.73662600
0.74018350
0.73397700
0.74171700
0.73997050
0.73787600
0.74562950
0.73887100
0.73779200
0.73400950
0.74289900
0.72857600
0.74672750
0.73574600
0.73817650
0.72971100
0.73828450
0.72973150
0.74284550
0.73321900
0.73447950
0.73654300
0.73748450
0.73081350
0.72660100
0.72669400
0.74047550
0.73261650
0.73315700
0.72951450
0.73202200
0.71664600
0.74129500
0.73096100
0.73118800
0.72919700
0.73678100
0.72971100
0.72855500
0.72883750
0.73335800
0.71021550
0.73146850
0.72790150
0.73117900
0.72334850
0.73485750
0.73632900
0.73636800
0.73545000
0.73904250
0.73560450
0.74040600
0.73708400
0.73932900
0.73911050
0.73617350
0.73340100
0.74659350
0.74388800
0.73765100
0.74140300
0.73716600
0.73019900
0.74010350
0.73100250
0.73660900
0.74085900
0.73783650
0.74166450
0.74633900
0.74067550
0.73749700
0.72512600
0.73535800
0.72319800
0.73835650
0.73316200
0.73889750
0.73642600
0.73252200
0.73529250
0.73877850
0.73343650
0.74187050
0.73154700
0.73473100
0.73111550
0.72810200
0.73134700
0.74056300
0.73043200
0.73255450
0.73196750
0.73453350
0.72734800
0.73870450
0.73201850
0.73404850
0.72994600
0.73644500
0.72725600
0.72694300
0.72841900
0.73046550
0.71147500
0.72736750
0.72608100
0.72970600
0.72827200
0.72523000
0.72481800
0.72396050
0.73342750
0.74104150
0.72837850
0.74051750
0.74109950
0.72826350
0.72956650
0.73890550
0.72856050
0.73454050
0.73521450
0.74252900
0.73755800
0.73580000
0.73179550
0.74155150
0.73773250
0.73753300
0.73522650
0.73542650
0.73639000
0.74980750
0.73754350
0.73878000
0.72686300
0.73198700
0.72648750
0.73931500
0.73599500
0.74065550
0.73399150
0.73821800
0.73183250
