19.76896585
18.06857205
17.93602825
17.90676390
18.04639990
17.83013135
17.83889915
17.82391320
17.86986890
17.83368425
17.82986705
17.82337020
17.83153885
17.84547285
17.82530130
17.87784675
17.92543035
17.84436695
17.84879675
17.85514915
17.86122385
17.84663450
17.81977805
17.83588750
17.82849785
17.86112360
17.85541525
17.86864290
17.81273335
17.83419310
17.82272090
17.88230560
17.91993335
17.92318190
17.91322865
17.86049610
17.88138800
17.86396780
17.86212010
17.84769055
17.83256525
17.89584135
18.09871325
17.91063295
17.89260345
17.89687610
17.89515745
17.92267105
17.89272520
17.87508145
17.92068370
17.87814330
17.87640705
17.90206300
17.87285515
17.84638295
17.85771030
17.88432055
17.90404500
17.84608475
17.92721040
17.87849260
17.89301150
17.86175420
17.91041915
17.89513865
17.87086905
17.85326660
17.87135450
17.83311945
17.84063965
17.80329965
17.84696005
17.85095700
17.84910835
17.84794230
17.85408540
17.84419095
17.84954140
17.84629115
17.86123780
17.88680340
17.88844710
17.84087295
17.83562285
17.87605610
17.84015395
17.83212290
17.83472185
17.95373725
17.84891960
17.83688660
17.82687165
17.85460700
17.83414565
17.91255465
17.91967760
17.95101650
18.02769105
17.95049030
17.89653345
17.90179665
17.90273975
17.91537200
17.89549850
17.86804965
17.93715145
17.89429250
17.96943900
17.91615260
17.85653760
17.91401950
17.90841230
17.90853080
17.89178075
17.89014430
17.90388285
17.89602905
17.92508445
17.84346305
17.90291240
17.89696540
17.88221440
17.87893085
17.93274555
17.89010640
17.86848130
17.92874650
17.91785955
17.92181050
17.93268485
17.92324920
17.88932105
17.91886460
17.85902440
17.84403590
17.87237210
17.86128675
17.89430975
17.88552175
19.43954060
18.42911720
17.86897245
17.88179945
17.86143090
17.88664910
17.85510770
17.88839250
17.84659765
17.85744485
17.84821795
17.86749985
17.82892875
17.85604735
17.93597800
17.86852240
17.86360605
17.84980665
17.82912085
17.92075960
17.91512970
17.92906460
17.92440895
17.89712135
17.88602140
17.89480340
17.89261025
17.87800430
17.85241045
17.89132445
17.88307815
17.90414355
17.88639555
17.88240170
17.88814630
18.11998535
18.41434205
17.92991705
17.92665015
17.89980820
17.90502700
17.90958650
17.88241495
17.92000245
17.91231235
17.92317745
17.92183225
17.90214060
17.90687125
17.90109280
17.93349015
17.90575405
17.92573520
17.96131945
17.92204510
17.89047805
17.88941740
17.89709070
17.90620455
17.88666550
17.85482890
17.94491260
17.86044585
17.85443675
17.84988490
17.86038580
17.86769120
17.86870670
17.88123305
17.87895720
17.97456485
17.90590485
17.87820790
17.91295750
17.86886885
17.85619610
17.88596290
17.91544695
17.85646305
17.85537715
17.83531640
17.84503010
17.80759930
17.90017440
17.90963610
17.91123350
17.89222800
17.89773790
17.91628705
17.89634235
17.92776850
17.90693375
17.82753560
17.87711935
17.89530595
17.87261020
17.85106175
17.86118375
17.85777940
17.89814695
17.92606635
17.85875875
17.90380020
17.91265315
17.85886655
17.87633600
17.85699140
17.85571210
17.85669460
17.86648860
17.86638325
17.87405880
17.88469645
17.90033385
17.88219840
17.90020080
17.90769505
17.89149175
17.86625225
17.86287610
17.82364665
17.87784120
17.86746740
17.85539650
17.81572655
17.83833560
17.93568510
17.86972490
17.84123035
17.82102685
17.84008200
17.84249755
17.83889725
17.87801170
17.85271070
17.84366185
17.85423485
17.84392160
17.86163540
17.85999170
17.84552155
17.89252360
17.88222545
17.85291825
17.82709490
17.85301015
17.87648210
17.91010105
17.90433860
17.96098015
17.97247190
17.89498950
17.87171695
17.88045050
17.88870920
17.85360935
17.83789385
17.86181915
17.89813800
17.88111350
17.90776815
17.87514765
17.88155480
17.91197970
17.94938430
17.90050145
17.91635030
17.91359370
17.88792610
17.85506425
17.88028345
17.86077545
17.87285440
17.96031600
17.87666450
17.85404845
17.86516330
17.87021095
17.86564115
17.86730100
17.88322585
17.90257995
17.96216660
17.86155500
17.86683245
17.86801230
17.85313405
17.84754770
17.81809305
17.82593120
17.85889620
17.84070780
17.84901025
17.84717740
17.82977120
17.87134775
17.85265405
17.85419945
17.87538110
17.89926615
17.85878300
17.86549420
17.88095330
17.85635935
17.85298885
17.88839530
17.86417100
17.89076445
17.86534010
17.87001180
17.85034900
17.90023395
17.92709835
17.92975255
17.92614745
17.91522945
18.08330635
17.90876765
18.88732935
17.87461705
18.03853385
17.95269385
17.85963325
17.87533955
17.85840705
17.85516485
17.87950385
17.87470260
17.86308525
17.91748465
17.92090845
17.90278625
17.87713930
17.87365835
17.88494345
17.88784880
17.92334720
17.90787470
18.01165635
17.91386900
17.90353835
17.89571610
17.91253720
17.94277650
17.92254570
17.90605445
17.87226995
17.89250390
17.83974815
17.87994195
17.87940200
17.83419760
17.83742835
17.86085655
17.87204500
17.85286745
17.83452340
17.83594980
17.85328215
17.90001275
17.87826165
17.87944245
17.84337885
17.85695345
17.87594415
17.88071580
17.84074265
17.84479800
17.85228775
17.88981125
17.92281730
17.90187000
17.86638560
17.87925625
17.86296645
17.90486315
17.93840330
17.93470350
17.91242160
18.23645950
18.08477810
17.87537405
17.90964250
17.88587080
17.94922620
17.89229210
17.94232370
17.90837640
17.92456160
17.87915080
17.91066275
17.92218185
17.87776990
17.87334570
18.03010135
17.86523155
17.87080755
17.85156515
17.83693685
17.85585425
17.90942940
17.90947200
17.87316375
17.88245240
17.91698330
17.89445645
17.88507095
17.87360805
17.89942120
17.89851080
17.87262210
17.87766790
17.88747715
17.84418605
17.84688410
17.87389155
17.82993335
17.82911795
17.82890600
17.86966045
17.84560900
17.84026060
17.85905385
17.84692335
17.86067595
17.87770040
17.89167575
17.87679965
17.85988490
17.85462595
17.85341910
17.88108240
17.89128060
17.91378215
17.85804085
17.87905630
17.82644235
17.88948380
17.85759660
17.88581655
17.95765750
17.96432720
17.90961000
17.90960985
17.90755710
17.88740425
17.89108890
17.89756370
17.85780045
17.88302350
18.00245645
17.91621185
17.89498660
17.88599700
17.87395210
17.92503065
17.88440585
17.92195020
17.88397195
17.89825300
17.90650440
17.88625325
17.86792255
17.85899330
17.88988570
17.89419415
17.87837110
17.89551910
17.87659635
17.85692480
17.88492630
17.89370880
17.89310245
17.95323980
17.89892945
17.84479935
17.85651350
17.88392995
17.86001570
17.82320715
17.85151150
17.86220235
17.83590500
17.83541885
17.83927420
17.83869345
17.84744115
17.85617095
17.91835855
17.87507325
17.85588365
17.92208565
17.87116110
17.85717030
17.84928070
17.82637240
17.88343520
17.84551675
17.84213950
17.85217880
17.84782150
17.83149530
17.82957325
17.87264220
17.91088660
17.90788415
17.99392500
17.86083395
17.86257910
17.84747420
17.88999835
17.86108060
17.84184115
17.85406025
17.88075145
17.88715325
17.86953350
17.88911480
17.88464245
17.89837920
17.90105875
17.89266725
17.89836390
17.88920225
17.85707515
17.87666070
17.87764380
17.93077205
17.86897580
17.88397740
17.87829600
17.90447420
17.90147985
17.89918505
17.87473325
17.87835260
17.91054000
17.89335450
17.87911245
17.87588600
17.87127375
17.88870905
17.87767045
17.83556305
17.85305605
17.85143355
17.87029650
17.85605030
17.85664875
17.87868310
17.86546070
17.88509600
17.86363700
17.90343880
17.88137500
17.87907620
17.85919555
17.88518370
17.88389765
17.88721315
17.87827215
17.94477260
17.88928605
17.87586125
17.82795585
17.88495085
17.88708150
17.89775335
17.91653355
17.96500155
17.89726935
17.88305445
17.87586395
17.87067345
17.89409805
17.85761120
17.86277850
17.84536265
17.88992830
17.89081985
17.90707805
17.90074770
17.84195850
17.89186640
17.88834655
17.86940160
17.87337610
17.84678485
17.86562145
17.83353350
17.87456420
17.86111950
17.88776645
17.85783450
18.25008530
17.85787160
17.88681500
17.87859850
17.90012235
17.88716795
17.87506430
17.88555905
17.89687220
17.89697990
17.86675375
17.87398920
17.88941100
17.85894055
17.87053460
17.85443165
17.89530255
17.87633530
17.86145095
17.85927935
17.83681810
17.84121540
17.86430615
17.92243730
17.87839815
17.87514845
17.87167320
17.86287380
17.85720715
17.86847015
17.83369955
17.84764525
17.88811225
17.85278000
17.84998285
17.86000315
17.83105625
17.88397585
17.91270500
17.95174885
17.90201695
17.91553005
17.85457265
17.91783400
17.88006540
17.87635120
17.82659245
17.89553445
17.87019085
17.88897360
17.89324605
17.87011190
17.89617955
17.89866000
17.88322015
17.87356955
17.87840875
17.87703525
17.83437930
17.85211225
17.86256485
17.86690520
17.87385470
17.91261975
17.90996500
19.59016505
17.96429780
17.90190240
17.92623825
17.93096710
17.91688970
17.92464815
17.93907435
17.91628910
17.90876675
17.87986560
17.90061930
17.84143490
17.89212140
17.95797900
17.87878035
17.85086635
17.87170500
17.83444595
17.84871475
17.90656285
17.88070525
17.85769730
17.87057410
17.87359955
17.86318050
17.85042050
17.82544435
17.89368425
17.83792190
17.84888530
17.87674240
17.85860250
17.84058780
17.82974390
18.02582185
17.91534585
17.92181325
17.92392035
17.88997190
17.93990010
17.87079045
17.89474455
17.87303410
17.85898625
17.84159040
17.85695945
17.86952935
17.88834480
18.13119840
17.87481810
17.85614385
17.88476160
17.87039715
17.89033625
17.87604570
17.88424210
17.88758085
17.85662225
17.86687225
17.84234570
17.93121880
17.89561265
17.85822130
17.87051030
17.91817010
17.89792010
17.87041265
17.90271700
17.86306780
17.97248905
17.89901205
17.89873360
17.84155765
17.86109895
17.86164755
17.84336335
17.84019345
17.82997290
17.80401210
17.85266130
17.83922630
17.83406570
17.86030490
17.85370610
17.86133030
17.85268825
17.86695795
17.87295685
17.84770645
17.85408565
17.85012070
17.86136260
17.84783960
17.88582740
17.86215085
17.87685040
17.86165630
17.90246715
17.88891340
17.90160315
17.93657170
17.92652675
17.92932440
17.89269675
17.91356920
17.89231665
17.92944685
17.91094470
17.86419980
17.87696460
17.91288355
17.93073680
17.88924850
17.87217300
17.90167560
17.90260810
17.91226860
17.91911310
17.90236490
17.87272745
17.88296905
17.88825725
17.89036850
17.84865590
17.88073345
17.95577730
17.91042815
17.86010720
17.87111535
17.90375715
17.91361480
17.90491430
17.91351065
17.89224330
17.92495155
17.86865755
17.83575870
17.85603055
17.81278910
17.82033230
17.82304350
17.83253120
17.81683410
17.82936915
17.83349315
17.80923090
17.84098150
17.88539135
17.84622020
17.84671265
17.88409080
17.85759820
17.83490155
17.86595000
17.88066505
17.86269290
17.85187155
17.90366520
17.85903165
17.85796400
17.83341515
17.85346565
17.84096610
18.09057295
17.92791935
17.92995710
17.90255230
17.91529935
17.90577180
17.90915075
17.91488830
17.89299320
17.97851580
17.91071345
17.91032565
17.90266470
17.91183630
17.84338345
17.86382975
17.91291425
17.87707705
18.00888855
17.91039345
17.89345900
17.87241745
17.89417135
17.86022135
17.88572115
17.90035490
17.89973655
17.89264390
18.11464970
17.89531105
17.92956195
17.89757385
17.87297525
17.92368270
17.94655905
17.91770960
17.84923890
17.85821885
17.84321350
17.83325050
17.84362835
17.80978065
17.84003465
17.83901245
17.83998355
17.82043705
17.83763060
17.82547715
17.87033785
17.83455775
17.87700660
17.85844980
17.88091750
17.86883195
17.84426025
17.86225235
17.83753695
17.89561715
17.88304055
17.87321180
17.84539135
17.82085060
17.85807555
17.90565550
17.92621575
17.95113510
17.92124445
17.91871380
17.92635430
17.89109910
17.88690875
17.88688425
17.84849595
17.81800695
17.96252710
17.88010115
17.87424990
17.88262210
17.86041700
17.87538100
17.91569605
17.89888795
17.91472245
17.88927780
17.87271405
17.94555910
17.88340445
17.86761810
17.84229720
17.87513080
17.86910845
17.86237450
17.87552645
17.88163220
17.88409680
17.83549015
17.90066145
17.90650355
17.88466735
17.89277045
17.90523730
17.85477285
17.85545715
17.82268340
17.83379115
17.85081800
17.83195665
17.87015050
17.85084140
17.84294765
17.81410615
17.85745450
17.85978975
17.87070955
17.85867805
18.05552110
17.96960625
17.90852020
17.86506130
17.87745155
17.83876385
17.89671695
17.84536860
17.86462145
17.88193080
17.86215105
17.85973360
17.86838760
17.90401950
17.95510350
18.00978145
17.91589670
18.00953940
17.92674125
17.89173155
17.87329690
17.87750060
