22.83712643
20.40223967
20.19235267
20.13201052
20.13667595
20.15424324
20.17425219
20.17040319
20.20416281
20.22925295
20.30362862
20.34522343
20.18350295
20.36124786
20.23547643
20.21156067
20.12085624
20.13321314
20.13644019
20.11568800
20.16236538
20.15351800
20.12014648
20.23564986
20.15759238
20.15123529
20.16309467
20.14414090
20.14107229
20.04984695
20.02589776
20.05714605
20.02836486
20.05858867
20.11812271
20.08869871
20.11168838
20.15217181
20.19665462
20.18432014
20.13267724
20.15226548
20.23924205
20.21690748
20.16415767
20.13969610
20.16073781
20.14754795
20.18221805
20.20563267
20.20558824
20.19992757
20.21147676
20.15397248
20.17081929
20.13771152
20.14487414
20.12551576
20.13572433
20.03250195
20.05682005
19.99961771
20.06873533
26.60881081
20.04388467
20.04992248
20.04339257
20.06186533
20.03664905
20.12219795
20.15406895
20.17311233
20.14245805
20.14243900
20.21163533
20.21340052
20.13962652
20.22383100
20.12856405
20.11244129
20.11226462
20.12430381
20.08470671
20.10766514
20.17694533
20.14663648
20.20469681
20.19860390
20.18871357
20.12553962
20.12601800
20.09807605
20.07891110
20.05199052
20.08421262
20.05740543
20.05706200
20.06768233
20.06115862
20.08538814
20.09082229
20.13808990
20.08423648
20.19829757
20.14739281
20.15579948
20.22879995
20.22914238
20.19227767
20.15846167
20.19080648
20.17812371
20.14616210
20.20389248
20.14788229
20.13168386
20.11638114
20.15053605
20.15381200
20.10884129
20.11587700
20.12250833
20.08057195
20.07525067
20.11939590
20.09584771
20.05956581
20.06370181
20.06061524
20.04396681
20.03947133
20.03911129
20.00035657
20.06856681
20.08409176
20.22787433
20.18516576
20.16076638
20.23403205
20.21051271
20.15129952
20.11734281
20.12529629
20.09854357
20.10241062
20.11341738
20.12377652
20.13594152
20.14398152
20.13607948
20.14260976
20.17418667
20.13098371
20.14268429
20.09790114
20.16423190
20.13949795
20.10867100
20.07940081
20.11668452
20.00632633
20.04607257
25.28128724
20.14466410
20.01560310
20.11714100
20.15350671
20.13245143
20.10197233
20.13752276
20.14744790
20.19736557
20.18288052
20.15878286
20.16117400
20.21088457
20.20155381
20.16159505
20.11247271
20.14712348
20.19258676
20.14480762
20.13594862
20.12334952
20.11102714
20.10061229
20.12807214
20.14736867
20.18178252
20.06490405
20.01402052
20.06376548
20.01051924
20.05364567
20.05893157
20.08960338
24.04641000
20.08414886
20.04393700
20.18449700
20.12459857
20.18551410
20.17333443
20.19760119
20.11004743
20.11606586
20.09114786
20.11757138
20.10389952
20.10798371
20.07286857
20.08068086
20.06345343
20.08028748
20.09342014
20.08144024
20.08890481
20.10679571
20.04666357
20.10892852
20.03509243
20.02002781
20.01485229
19.98786529
19.95694567
19.99437190
20.05688338
20.20168495
20.01557424
20.04360995
20.04774848
20.07581395
20.06641138
20.10562810
20.13036200
20.16776843
20.12356838
20.11963043
20.08123919
20.07721462
20.11126729
20.07286886
20.07750167
20.10461871
20.05376410
20.07883471
20.09010948
20.09741914
20.07220029
20.11772752
20.08247757
20.07338119
20.03737195
20.00388610
20.01617919
19.95866343
19.97484043
19.97987814
20.02889086
20.02931124
20.03864205
20.07167805
25.17719110
20.14209519
20.07968724
20.07422710
20.13724229
20.20248419
20.11149271
20.07935029
20.09874952
20.09409795
20.13523705
20.09116067
20.07502095
20.08957748
20.14736814
20.07836486
20.09573467
20.11552767
20.06111795
20.16547610
20.07722043
20.05676667
20.03764410
20.00795662
20.01009676
20.06213386
19.97127657
20.03172833
19.97751800
20.00388748
20.02593329
20.04905271
20.08452338
20.11190562
20.11389343
20.10960695
20.14151476
20.12229438
20.10156095
20.10090329
20.08855429
20.10797433
20.12443962
20.08325148
20.07997590
20.11645424
20.08773171
20.07234333
20.08681957
20.10280295
20.08244700
20.11052867
20.07310943
20.08940867
20.04488000
20.00253652
20.02419571
20.02162633
20.01604157
20.02316590
20.00932395
20.03240748
20.00710048
20.03328910
20.09753405
20.08255105
20.10287852
20.09806481
20.15172929
20.14874876
20.14201186
20.09637610
20.07307929
20.08971276
20.09099529
20.09262605
20.06033948
20.11660205
20.08006567
20.08092138
20.09731310
20.02774800
19.99879329
20.03949376
20.02437371
20.01915205
20.10693729
20.02022124
19.99045848
20.01678700
20.01987533
20.00428552
19.96836948
19.96342448
19.92639076
19.96535386
20.07251352
19.92006529
19.95329681
24.99035786
20.12039976
20.19316019
20.09658567
20.09262200
20.06624919
20.12579438
20.06321110
20.12672233
20.06838829
20.08568381
20.08747267
20.15109429
20.15674567
20.20910957
20.15487824
20.17481452
20.04450410
20.12310105
20.08278324
20.08784471
20.07633805
20.03899243
19.98165800
20.02330748
20.06685776
20.03913129
20.08188762
20.08061390
20.08971776
20.11184676
20.08214467
20.13036938
20.15536400
20.18778814
20.12058252
20.08653267
20.11855595
20.10848748
20.09360148
20.09222157
20.12510857
20.12076114
20.06268357
20.12370571
20.05889786
20.11461671
20.15053729
20.09889610
20.02167771
20.09879224
20.04007048
20.03309748
20.02330543
20.02628343
19.98773229
20.03400033
19.99103248
20.00851762
20.03661262
20.03134619
20.06479595
20.11186876
20.08180838
20.08715300
20.13427743
20.19609062
20.07942190
20.08153971
20.08455371
20.08463733
20.10529676
20.07574405
20.09197214
20.08166419
20.09926429
20.15698562
20.13070886
20.09616133
20.10916543
20.12789595
20.10952538
20.09651233
20.22251871
20.05915505
20.06744138
20.00897843
20.02083948
20.04822852
20.14576362
20.06391190
20.05831881
20.09942295
20.09996395
20.11445657
20.08783005
20.13970243
20.13857805
20.19467767
20.10690948
25.09461424
20.11599957
20.07030819
20.08227495
20.11359400
20.09900119
20.10418257
20.06041605
20.10505886
20.11781538
20.20060800
20.07593748
20.08378376
20.03969205
20.10580081
20.02428314
19.98370571
19.99668114
20.00278643
19.96807795
20.03238971
20.03887171
20.01203200
20.00465010
20.01225743
20.08874276
20.17205490
20.05768371
20.09916576
20.13242638
20.20255733
20.06101676
20.07031890
20.12046867
20.08724090
20.08037400
20.11713748
20.12975733
20.11057695
20.10171833
20.09734076
20.10840495
20.09639133
20.06040495
20.15588219
20.04642486
20.13685543
20.04657324
19.98986552
19.99775486
19.98600533
19.98099029
19.99839319
20.01136690
19.99004810
20.00822338
20.05354062
20.12436890
20.17632443
20.00857248
20.11733371
20.15307219
20.17490757
20.12769619
20.07524738
20.11051057
20.10114129
20.08817762
20.07808014
20.07689910
20.11912881
20.10156171
20.14002667
20.12844767
20.14099052
20.12067786
20.09237343
20.11554076
20.06239971
19.99915476
20.07257681
20.07820229
20.02326614
20.03786790
20.06622890
20.08798271
20.04787276
20.10673457
20.11580743
20.09236557
20.14410948
20.13022390
20.14610048
20.20139338
20.22556529
20.16542519
20.18331990
20.13184024
20.16047686
20.14275657
25.12484176
20.09120405
20.14628081
20.10902890
20.11535600
20.13717905
20.11964086
20.11329129
20.13069248
20.10415524
20.18308733
20.11908229
20.05411281
20.18854752
20.00445862
20.01675881
20.04410829
20.03171000
20.00152138
20.01196967
20.04703295
20.14289576
20.12224305
20.08287348
20.09931919
20.12081133
20.20447490
20.08882105
20.09192014
20.11652214
20.09014295
20.09061348
20.09612371
20.05623100
20.16461567
20.10886657
20.16858714
20.15163662
20.15628776
20.06483090
20.09520376
20.08428610
20.09566729
20.05729795
19.97351776
19.97726443
20.21902448
19.93726205
20.00747681
20.00634719
19.89532776
20.04124224
20.05916071
20.05248071
20.12167495
20.00689362
20.11667705
20.12210938
20.19174629
20.12300995
20.04197486
20.07143800
20.07108048
20.13235533
20.11142100
20.04939243
20.09594381
20.08748181
20.11603748
20.08127257
20.09532233
20.09031876
20.11477852
20.05231833
20.04732762
20.05677590
20.03304948
19.98316595
20.00099529
20.02171248
19.99006781
20.01821105
20.01750238
20.03452943
20.03475910
20.04307700
20.10149995
20.08631590
20.09652619
20.15500195
20.16544943
20.09165176
20.07617033
20.08539890
20.09194214
20.11960243
20.12353400
20.03177305
20.08558605
24.99191590
20.09810848
20.08486690
20.07955967
20.10581538
20.11233343
20.05465281
20.06985629
20.05104200
20.02241257
20.03396638
19.99789843
19.98395852
20.04582676
20.00616824
19.99765243
20.00126543
20.03841971
20.04202757
20.13914852
20.13233186
20.13390262
20.19835910
20.16414719
20.10154452
20.06903357
20.08605490
20.10442043
20.06422257
20.11253738
20.03370586
20.09829238
21.97812890
20.11775195
20.14483657
20.14894119
20.06854395
20.08762671
20.06360076
20.07512738
20.02882510
20.00917214
20.00951629
20.06749748
19.98019481
20.04156019
20.01460567
20.03334843
20.01384043
20.08700633
20.15081310
20.15814438
20.13561367
20.12779871
20.15888652
20.21150286
20.15425371
20.14099686
20.13277419
20.12780295
20.07911833
20.12255081
20.09008524
20.17169681
20.30875033
20.12322686
20.09943176
20.09140924
20.12791381
20.11588590
20.07380481
20.08014010
20.00240005
19.98761443
20.00002500
19.99570252
19.95640910
19.99091581
20.02828662
20.00060733
20.04142805
20.06346124
20.04406690
20.08400767
20.05536938
20.09488881
20.22041510
20.17481195
20.11831452
20.11348362
20.06123876
20.08076710
20.08596029
20.05599862
20.06678838
20.11910552
20.13681610
20.07899519
20.13395448
20.10560843
25.05823290
20.12948081
20.06742367
20.07716048
20.04388400
19.98123481
20.01518757
19.97637857
19.91639443
19.91604533
19.92084571
19.96699476
20.00347948
20.09869290
20.08215586
20.19148910
20.11592214
20.14249538
20.20531571
20.21258057
20.11086010
20.01258476
20.09527129
20.11809367
20.07061410
20.08644681
20.11468295
20.07845800
20.07397786
20.09156062
20.05584005
20.07917043
20.14602290
20.16348171
20.12459719
20.06751548
20.04696133
20.00476519
20.05937829
19.97215543
19.95943252
20.02411776
20.04959538
20.02311429
20.04229557
20.05473286
20.09481548
20.10170333
19.97187367
19.99761457
20.06839738
20.12117310
20.10197000
20.16422671
20.17812848
20.10677724
20.11802843
20.09331186
20.14566162
20.15157314
20.08252990
20.12529562
20.12715486
20.10580448
20.17574276
20.23783281
20.14511005
20.13423619
20.08086295
20.04688429
20.04683090
20.05132771
20.01577400
20.04513676
20.05285557
20.01858348
20.18732786
20.04220224
20.07786405
20.16687843
20.13006852
20.08117071
20.22223119
20.20997581
20.15568667
20.10578905
20.10516914
20.12291724
20.12775852
20.10747848
20.04599329
20.10975486
20.12128443
20.16293857
20.19950410
20.09194695
20.11476376
20.13911186
20.05949543
24.96592305
20.09286129
20.03577295
20.01729676
19.99955967
19.97429905
19.99625767
19.98884667
20.01519590
20.02859724
20.01785357
20.07842967
20.12307000
20.15647348
20.10831229
20.18845352
20.19181329
20.16066133
20.12763505
20.12087262
20.14707943
20.09128524
20.13344252
20.09375519
20.12800938
20.05143105
20.13455705
20.10797738
20.11320019
20.13082738
20.13070024
20.07927443
20.02682895
19.99485305
20.01305933
19.99925262
20.04195257
19.99999714
20.02994248
19.99963405
19.96092857
20.07349519
20.03572348
20.05311462
20.11885171
20.10540000
20.07878686
20.11421319
20.17372452
20.13169176
20.13262514
20.14147995
20.07975800
20.07379319
20.10121681
20.05205248
20.10782152
20.09577110
20.10906829
20.14631738
20.08010748
20.08173014
20.12251162
20.07328814
20.03706457
19.99407419
20.04336819
19.99841043
20.00501281
19.97713514
20.00766648
19.96498057
19.95799900
19.97937181
20.06124100
20.08106186
20.08857743
20.10533590
20.13649205
20.18870233
20.18548914
21.93505643
20.49524457
20.27176933
20.18335257
20.17902295
20.19084210
20.14946271
20.17037605
20.17026752
20.20231652
20.16929467
20.21960543
20.19137886
20.24995100
20.12079562
20.12635871
20.11821805
20.04112743
20.11718462
25.03096490
20.09419614
20.06397976
20.05952124
20.07178343
20.08375524
20.11547205
20.14413895
20.16559476
20.10245171
20.18112276
20.22511062
20.29736005
20.18908943
20.14024038
20.18887205
20.16389157
20.16443800
20.14848681
20.14439767
20.17161276
20.16733138
20.15336186
20.16861590
20.17558348
20.14573543
20.17084838
20.18566243
20.18430210
20.19783781
20.15338076
20.09230433
20.04864852
20.06807162
20.08051262
20.05922900
20.02886267
20.09080976
20.08366529
20.12196105
20.16563824
