21.17148273
19.58266623
19.43709809
19.52071245
19.40559255
19.47575636
19.42512909
19.43872673
19.42072932
19.49192609
19.38712745
19.43729850
19.35016445
19.46097223
19.38806545
21.01743245
19.43231877
19.64619423
19.43040636
19.45762991
19.39571645
19.47277382
19.41087714
26.08237568
19.49129332
19.49472645
19.44040973
19.50131800
19.41248041
19.50652395
19.44084991
19.49841614
19.45594914
19.47710445
19.37751214
19.56085605
19.39941395
19.50071686
19.42422373
19.51100300
19.40502618
19.61637377
19.42638427
19.51498100
19.44037541
19.53463855
19.41241814
19.50303150
19.41227027
19.48151364
19.39405868
19.46953145
19.39996236
19.51899650
19.39027259
19.48402045
19.37418550
19.48800723
19.36053914
19.48658391
19.37035191
19.46991005
19.41223545
19.46950105
19.38591677
19.46018750
19.36694105
19.46240500
19.50325073
19.45650564
19.40933932
19.46122541
19.40260191
19.51232764
19.38498105
19.51101418
19.43211364
19.46345068
19.39331509
19.47572218
19.36391291
19.44351400
19.40975414
19.45446545
19.39928391
19.46458459
19.38129164
19.46435686
19.39835295
19.46240732
19.43313559
19.48233900
19.40302005
19.61955950
19.45924082
19.52964027
19.41742582
19.49374691
19.38860773
19.48533036
19.53761150
19.49884895
19.42484364
19.53590659
19.44028577
19.50042423
19.42867118
19.52968123
19.43724227
19.51527082
19.41954177
19.50484359
19.39864627
19.48539659
19.42162464
19.49327536
19.42762545
19.47278250
19.35999573
19.44781368
19.47597382
19.44058291
19.34224945
19.43021818
19.36759905
19.45599382
24.72947100
19.53678514
19.39061359
19.46108373
19.38623205
19.48043800
19.39742132
19.49485555
19.51013732
19.45532373
19.35997918
19.46063427
19.35898186
19.44992973
19.36856232
19.42149155
19.39820791
19.45531318
19.36978341
19.42253295
19.43117723
19.45374364
19.36661650
19.46022132
19.38161491
19.46570505
19.38238073
19.46067555
19.38093345
19.54473377
19.42890664
25.67535077
21.31857736
19.49860495
19.42266155
19.49741764
19.39158177
19.54492786
19.41786768
19.49164045
19.43304450
19.49602455
19.40854259
19.50855273
19.52610150
19.54418214
19.42084632
19.50548950
19.39813886
19.48622914
19.40963268
19.48642618
19.40535436
19.50410123
19.41937564
19.48174432
19.39943145
19.46498959
19.39199800
19.47860255
19.35923541
19.48016877
19.38310055
19.44130595
19.61552355
19.47093277
19.39168886
19.44837882
19.39229964
19.44691668
19.37862709
19.44080232
19.36221845
19.41593450
19.35369255
19.42664991
19.37086500
19.42038077
19.33540177
19.45105859
19.36731500
19.44465250
19.36245532
19.42674282
19.40367705
19.44472814
19.39198114
19.45873509
19.37102318
19.43864995
19.41346486
19.46907882
19.38182505
19.46882932
19.44021127
19.51906473
19.54529636
19.50408000
19.42125236
19.46405959
19.40824473
19.53143873
19.40704464
24.63457759
19.42820759
19.46505223
19.37351109
19.49836723
19.43122623
19.48868259
19.41466495
19.48070323
19.41239536
19.53399845
19.44311841
19.46672000
19.40624973
19.46478564
19.38626223
19.45917327
19.40225864
19.45818350
19.38606450
19.47025191
19.40519259
19.46895214
19.39640814
19.46035636
19.43589659
19.50849650
19.37565036
19.46504959
19.37653641
19.47963064
19.40706068
19.47656850
19.37889391
19.44488305
19.35676473
19.45318559
19.38512932
19.47667086
19.39517200
19.51168736
19.40556836
19.51823795
19.39038386
19.55333059
19.41702468
19.46356891
19.34807409
19.47841536
19.37288527
19.46727727
19.37400141
19.48827523
19.41406664
19.48645418
19.42230023
19.52647277
19.43859582
19.51584495
19.42176055
19.46814355
19.41611882
19.51525750
19.45847986
19.50367573
19.39320650
19.48225882
19.39802941
19.51755182
19.39738050
19.48286136
19.41806700
19.50717732
19.42907150
19.47866027
19.41771832
19.46194809
19.37468705
19.46601527
19.42290832
19.51756877
19.40229655
19.45114445
19.39940145
19.48448591
19.40119123
19.50301268
19.40965277
19.51577136
19.41667236
19.49676941
19.41319409
19.47528605
19.36472614
19.44093400
19.39323368
19.56043882
19.40267455
19.46802341
19.35501600
19.46712986
19.36058036
19.48280205
24.42325868
19.50557200
19.38111877
19.47806868
19.37244359
19.44323627
19.38151423
19.46495500
19.42280850
19.47568273
19.37801123
19.47344041
19.58124177
19.49719250
19.41366491
19.49892655
19.39906118
19.50376595
19.45298523
19.55103409
19.44824686
19.57470609
19.45215459
19.61310777
19.51707468
19.57283436
19.51278232
19.55748809
19.48160527
19.56469627
19.50398609
19.57805686
19.52216441
19.57571791
19.48385727
19.57605041
19.48493864
19.53502036
19.47304455
19.56291364
19.47597482
19.53266618
19.46817341
19.55151436
19.54325795
19.51284132
19.45055891
19.51613900
19.42136982
19.51377914
19.44267968
19.56226659
19.45062923
19.48826373
19.43191714
19.49860200
19.39963132
19.48903055
19.40437641
19.45217659
19.35065650
19.46862418
19.39155050
19.45617686
19.38226855
19.47939450
19.41885632
19.48316095
19.38915395
19.44868664
19.41549664
19.46052318
19.43702123
19.46594982
19.40098123
19.49425732
19.42162773
19.50106668
19.42100800
19.50149264
19.45474782
19.58543677
21.23437036
19.62795105
19.47625050
19.50522377
19.45721268
19.51061836
19.49573545
19.49521632
19.47517368
19.63024905
19.41540305
19.59155109
19.47572141
19.71013732
19.50713277
19.58451214
19.43994327
19.50876314
19.41318032
19.46450964
24.51721882
19.52810591
19.39760623
19.48605364
19.40973350
19.44770718
19.37217500
19.46504218
19.37816473
19.44693195
19.39635645
19.44983332
19.39145177
19.48300777
19.38018923
19.52797205
19.36680545
19.44857564
19.38799705
19.44080377
19.38593368
19.41872905
19.34634564
19.41199191
19.34746614
19.43622777
19.35022523
19.46869905
19.36957373
19.44904105
19.38412355
19.43648736
19.37246345
19.43208241
19.37918205
19.47280850
19.43556477
19.46642982
19.41863095
19.48383941
19.41167464
19.49063000
19.44388050
19.50575291
19.54145123
19.54017836
19.44056486
19.47781109
19.41897045
19.48140727
19.46621091
19.50469350
19.42219127
19.48688241
19.42614150
19.51583986
19.41904286
19.50722723
19.44101905
19.48004518
19.40534750
19.48399505
19.39681009
19.49292777
19.39840409
19.45990836
19.42511973
19.48564332
19.43362759
19.47783727
19.37583700
19.45142059
19.38990732
19.48217091
19.38529527
19.49862818
19.45423586
19.50538482
19.40795414
19.50427000
19.40691318
19.48871755
19.36170577
19.44426173
19.38708627
19.42200277
19.36701577
19.41257450
19.34595514
19.44621091
19.36760936
19.45870600
19.36275023
20.79610977
19.40847059
19.52491573
19.37874982
19.43806159
19.36974309
19.45233891
19.34824741
19.49021545
19.39533491
24.48888723
19.42758800
19.49182509
19.41249027
19.52073700
19.41736541
19.49331759
19.40571386
19.49254336
19.40414514
19.52298018
19.40841364
19.51211095
19.40457250
19.46960109
19.42030436
19.48322627
19.39087686
19.50038677
19.42102586
19.50833418
19.41198077
19.47596836
19.37807768
19.49704668
19.38647791
19.49457609
19.42250241
19.47384259
19.40744155
19.46982005
19.38756241
19.51898136
19.40313259
19.48570386
19.40520273
19.53047636
19.45824086
19.51087895
19.36519855
19.47675336
19.38915727
19.50752486
19.40467973
19.58431600
19.37480136
19.47121932
19.35797736
19.49391873
19.38507759
19.52368395
19.38834432
19.56186255
19.41653582
19.49898764
19.38385832
19.48041541
19.41689450
19.50882582
19.40995068
19.47066195
19.40236191
19.50380891
19.41634886
19.50741250
19.42860255
19.53269132
19.44383805
19.53477995
19.44325600
19.78666545
19.47799836
19.49566618
19.41622318
19.50417259
19.47840659
19.50434145
19.42812218
19.52805523
19.38932973
19.52801145
19.44650468
19.51816095
19.47788877
19.52956686
19.40902100
19.54271964
19.39600064
19.49161591
19.40682582
19.52922623
19.41600668
19.50171191
19.39905355
19.46588727
19.48986186
19.50935927
19.37254336
19.48240368
19.37984423
19.49461164
19.39608936
19.51654609
24.37627327
19.52716136
19.41646500
19.46314195
19.35776886
19.47071695
19.37380486
19.45357041
19.37638582
19.44224518
19.38535200
19.45119909
19.40167450
19.47070827
19.40828873
19.46415364
19.40587750
19.44455041
19.41558905
19.55532691
19.39506900
19.47373418
19.40659073
19.45521382
19.41222391
19.47030859
19.39596514
19.50245714
19.44815618
19.57750200
25.16249295
19.59862436
19.43992395
19.48366968
19.39926155
19.51859750
19.40116723
19.50219995
19.39545382
19.47594564
19.38517264
19.48196405
19.40553900
19.63744464
19.41423555
19.52402186
19.42561009
19.49409005
19.40152473
19.45824045
19.40322441
19.50136059
19.40383073
19.47176309
19.39636236
19.46747577
19.37798514
19.45975105
19.39136550
19.45260882
19.36400882
19.47755682
19.38416900
19.69928905
19.39682855
19.46023873
19.37686805
19.45234618
19.37666277
19.42271059
19.36211050
19.42629268
19.33755341
19.45265486
19.35384900
19.44435364
19.34539468
19.47063709
19.40729036
19.48315164
19.36398759
19.43799850
19.36404077
19.46361150
19.39018368
19.46847264
19.37839632
19.52651182
19.42564836
19.53518464
19.47603045
19.59668673
19.45277214
19.56946668
19.59703914
19.57138636
19.47825968
19.55583668
19.48073041
19.53103518
19.52045486
19.52061341
24.59459245
19.62766773
19.45344591
19.55008109
19.45426018
19.54096591
19.46563245
19.55191564
19.42579150
19.52414800
19.45260541
19.52557527
19.42466477
19.52532786
19.44863259
19.53591841
19.42009891
19.49015391
19.40847936
19.50329091
19.40388468
19.52603532
19.46630445
19.50787950
19.44083791
19.51761177
19.41541950
19.50679523
19.42008468
19.49384714
19.41433845
19.48572468
19.41595527
19.48623182
19.39293064
19.47817895
19.41626427
19.46667677
19.42045373
19.48798691
19.40321218
19.49167095
19.42223200
19.56687868
19.41565059
19.48587091
19.40480318
19.48998282
19.44851205
19.50068891
19.44084023
19.54834695
19.44061286
19.53287464
19.46938527
19.58250668
19.48307145
19.57655118
19.49070677
19.54985159
19.45096264
19.54618177
19.52284709
19.55008018
19.46031755
19.54292505
19.43487032
19.55528559
19.45683136
19.54676541
19.44941109
19.55321859
19.41791350
19.51576018
19.77228091
19.55710486
19.45291791
19.50750623
19.44768559
19.52877782
19.43862373
19.50269686
19.39814177
19.45321936
19.39051855
19.46638359
19.38377536
19.46864509
19.38167082
19.49618036
19.37249573
19.45879355
19.35978936
19.44310705
19.38155918
19.56299050
19.37993532
19.42839650
19.35888118
19.48680532
19.37061832
19.47637395
19.39106482
24.46582264
19.42327523
19.44408732
19.38244677
19.45392559
19.37529409
19.47114432
19.37717559
19.43706500
19.36932495
19.45236205
19.36422791
19.44070659
19.39914627
19.47730055
19.40789636
19.47846950
19.44058736
19.56051291
19.42044345
19.48640464
19.40679591
19.47066055
19.46619614
19.46982895
19.37466018
19.46434573
19.37972141
19.47887123
19.39705605
19.47664609
19.40600864
19.49147214
19.37708300
19.49803159
19.37867650
19.45094155
19.39915623
19.45367709
19.41640173
19.47044068
19.37894641
19.49621677
19.46639300
19.46963214
19.36660200
19.43855573
19.39950509
19.47099791
19.38514268
19.49750459
19.38222914
19.47131364
19.37346141
19.46604877
19.35867636
19.42482318
19.37078191
19.45079814
19.36021014
19.44276327
19.38124259
19.43930477
19.37227368
19.44736595
19.41152332
19.47639845
19.39071227
19.45911277
19.39833345
19.44883936
19.38811632
19.47357668
19.39462986
19.47278450
19.40574582
19.43147195
19.39297541
19.48524450
19.42921441
19.58044005
20.82156141
19.89076868
19.46322532
19.58596455
19.40561545
19.47824736
19.46654236
19.47632727
19.38347414
19.48371400
19.43553264
19.48133050
19.40930509
19.58562209
19.44661686
19.50338773
19.45163941
19.56549186
19.40302955
19.53328214
19.40437259
19.50393491
24.52485986
19.52715173
19.45139577
19.51075700
19.40530659
19.47521309
19.38376241
19.45566273
19.38168845
19.48588527
19.40017768
19.50073245
19.38577127
19.46671327
19.37489050
19.45856627
19.39900650
19.45865027
19.39342182
19.41018209
19.36308232
19.44923095
19.35413005
19.45228664
19.38013105
19.47049073
19.38295027
19.45959295
19.40300782
19.45211459
19.36752786
19.49948386
19.40911927
19.49513564
19.40195518
19.45581786
19.40713282
19.49560864
19.43868345
19.48675591
19.42694523
19.52591314
19.55155632
19.54320000
19.43779514
19.51747595
19.38221205
19.49762077
19.48804677
19.49748205
19.41762200
19.50699259
