24.32963891
21.92080217
21.66114200
21.59467957
21.70566909
21.65725322
21.59924913
21.61501878
21.53712865
21.47898487
21.59503230
21.66239796
28.87549326
21.73092278
21.62687026
21.62851917
21.63452522
21.67710696
21.60212557
21.67602652
21.76818883
21.59950222
21.64348035
21.67429335
21.74510722
21.71045357
21.76088261
21.71184487
21.63710726
21.65336457
21.63660017
21.63730300
21.59840204
21.68263196
21.60206117
21.50841848
21.52294474
21.64542774
21.67765457
21.67026252
21.61975517
21.64397139
21.62212304
21.64208887
21.69801787
21.71238926
21.66488709
21.64477226
21.57958504
21.63857270
21.76299322
21.71180943
21.66955957
21.65365070
21.65862039
21.73085978
21.66241696
21.64650030
21.73482696
21.75427617
21.71912148
21.77523161
21.71264000
21.75669491
21.67351496
21.63539535
21.61685717
21.59349965
21.73509348
21.74482130
21.61439478
21.73454491
21.59091687
21.56650174
21.58063996
21.65664239
21.63671187
21.64091761
21.66979713
21.65996096
21.65159165
21.68307243
21.65427970
21.66579835
21.68357404
21.59771509
21.62333374
21.68745200
21.67545883
21.67646809
21.68533417
21.69170904
21.64533370
21.60980904
21.66511143
21.63759670
21.66928857
21.63845326
21.61080839
21.62312974
21.63598013
21.59973087
21.62670083
21.61398226
21.57911548
27.72059265
21.59023743
21.67837222
21.69086857
21.72151083
21.69956383
21.68460704
21.68506496
21.71316683
21.65924887
21.52488504
21.56349517
21.56312048
21.64382496
21.79794504
21.78337865
21.81200661
21.77824587
21.67807287
21.67157987
21.68795009
21.64559322
21.68653026
21.62594591
28.27511996
35.16895313
22.17665170
22.32769300
22.03118222
22.04853461
21.92255509
21.49973604
21.55267191
21.61066704
21.70908713
21.68710165
21.64672530
21.61732370
21.63323448
21.68477696
21.64162617
21.66641009
21.69162496
21.63676817
21.63422626
21.64764743
21.65850761
21.67331252
21.66158322
21.72269404
21.74843935
21.62478596
21.67526204
21.65325522
21.79098161
21.60934796
21.69726109
21.70967665
21.64929126
21.66144261
21.62725309
21.60899109
21.61811704
21.64927026
21.61806878
21.64374130
21.66522417
21.65642948
21.69068235
21.72929152
21.78569304
21.72057996
21.71413770
21.70611774
21.76021778
21.71756187
21.70725726
21.68372400
21.75536822
21.69334391
21.69459187
21.71141704
21.79871230
21.58466026
21.59685874
21.61202687
21.58942313
21.61309517
21.69485526
21.65264843
21.62046735
27.48932196
21.67614052
21.63411413
21.65018539
21.62217383
21.58062722
21.63450822
21.67599387
21.69882652
21.71301926
21.68618517
21.72900335
21.69708391
21.75782687
21.67137135
21.72116891
21.59279430
21.58518304
21.51193157
21.57854570
21.61216939
21.83653548
21.71987109
21.76705113
21.73848574
21.68503491
21.67307178
21.63256296
23.63753900
24.20187209
21.69060213
21.66597404
21.63651309
21.65627426
21.60774617
21.64933474
21.64177639
21.68108961
21.61498191
21.63820196
21.68866130
21.67171283
21.67487278
21.69419630
21.68281578
21.64847352
21.67174057
21.67541678
21.61514391
21.63308900
21.61529639
21.64984539
21.69897965
21.71757117
21.74004813
21.72914052
21.67212083
21.67149222
21.75200713
21.67452174
21.61935796
21.64333278
21.60366261
21.64130670
21.59896743
21.62792870
21.64530409
21.48766522
21.61864322
21.59737591
21.57876296
21.65648126
21.67441143
21.66396387
21.62760217
21.71551504
21.67677609
21.67293191
21.67526857
21.67107065
21.62661483
21.62411448
21.63866552
21.83107183
21.67575870
21.68114774
21.64884852
21.68463439
21.65131739
21.63677496
21.67170052
21.66266857
27.35054748
21.68610365
21.61803613
21.61983930
21.65304713
21.61902817
21.62257409
21.67228091
21.61988004
21.62816583
21.65492309
21.66678422
21.62416770
21.63897343
21.64247691
21.67178461
21.65829678
21.68460813
21.67965426
21.67585396
21.64529017
21.66214522
21.62620665
21.73392291
21.73736609
21.64149709
21.69456900
21.71820317
21.66165683
21.70179378
21.69677022
21.64950917
21.60469061
21.59539400
21.58891839
21.58249922
21.57656804
21.74063265
21.63836326
21.65829865
21.61425135
21.62997383
21.62683709
21.66235883
21.66632039
21.68739022
21.53864935
21.61363987
21.55444422
21.56350752
21.54178039
21.58051404
21.58935009
21.54420535
21.65603248
21.68682039
21.67743791
21.69050565
21.76833696
21.72740704
21.67559952
21.65439957
21.67313370
21.64479835
21.63610583
21.66268900
21.64661657
21.56629191
21.63896235
21.63385913
21.63521774
29.67243465
23.32949970
22.09143339
22.02941965
21.87264787
21.77568570
21.71610317
21.72579078
21.73885843
21.82151974
22.93263091
21.82265330
21.91814104
22.73763683
21.74077696
21.73161900
21.74920496
21.68435126
21.70811000
21.74987165
21.73860148
27.39637083
21.75499283
21.70911639
21.71188865
21.70140270
21.68432630
21.63723691
21.65844639
21.71446687
21.69785278
21.67307657
21.67522139
21.68311078
21.48261504
21.49379187
21.55275904
21.51187700
21.56209278
21.51731317
21.59325500
21.57482026
21.57711257
21.52831270
21.63982500
21.72499578
21.66528670
21.65922148
21.71150787
21.71345835
21.75150126
21.73898987
21.70647622
21.73168861
21.71750991
21.66881974
21.70729426
21.77173583
21.68644383
21.66237404
21.60731961
21.67367483
21.73626591
21.61231052
21.71272865
21.70856487
21.68558022
21.66006709
21.71811796
21.67136174
21.70427957
21.68866087
21.74396165
21.75325330
21.69264600
21.66495852
21.70494791
21.75912170
21.74216061
21.71636317
21.71591622
21.74183496
21.66729752
21.73884065
21.75069409
21.70243139
21.75248417
21.73255643
21.72131083
21.63049004
21.54188165
21.51643757
21.55918048
21.66135022
21.70357617
21.66521796
21.71142391
21.67276700
21.62750422
21.65957800
21.72432130
21.71150291
21.71121343
21.79663526
21.70321300
21.69796270
21.70317309
21.69662070
21.72567657
21.65580261
21.75185878
21.67045704
21.74017887
27.34369157
21.80881170
21.77860517
21.78627400
21.70505422
21.71198278
21.74123457
21.73317978
21.70244935
21.72749852
21.65762639
21.74795743
21.74743813
21.74889539
21.71356970
21.73041183
21.75306009
21.71429896
21.73992783
21.78396330
21.77169157
21.72983413
21.72541513
21.77450348
21.75696035
21.78019435
21.70456443
21.72712496
21.72914657
21.76084626
21.69608143
21.77298735
21.76253435
21.76233935
21.74826830
21.79875943
21.81703217
21.73409739
21.70488122
21.71058787
21.64915687
21.67470361
21.66265183
21.66534835
21.69628065
21.68589191
21.64580552
21.67616939
21.68158217
21.62053878
21.61847217
21.68226048
21.72752217
21.69244157
21.64653248
21.75249383
21.77073683
21.78074943
21.67620435
21.70634974
21.72706043
21.68238557
21.72881661
21.71187083
21.69018465
21.58263948
21.66659817
21.62035104
21.59865226
21.60850683
21.61247543
21.67037239
21.73432230
21.73605357
21.65495391
21.64244365
21.68994409
21.65264557
21.64584113
21.70082343
21.65658709
21.98318748
21.72334913
21.80465391
21.75514091
21.76495100
21.72623009
21.78519517
21.74090261
21.77980643
21.72428165
21.71691870
21.76166409
27.43642491
21.72493565
21.72587117
21.67870091
21.71351926
21.73282170
21.75330843
21.66785052
21.74995965
21.75877396
21.74236052
21.66443757
22.08887000
21.71081326
21.70872935
21.70325230
21.69718265
21.67399217
21.72990478
21.67509148
21.68844648
21.69781691
21.79951561
27.06517352
21.85997761
21.91065104
21.81788117
21.82841348
21.73051648
21.69255513
21.72246913
21.68154713
21.68680148
21.65633196
21.67124804
21.81496335
21.72763204
21.75969148
21.76316422
21.67019565
21.72141148
21.73232222
21.65059835
21.64113291
21.71299787
21.68925630
21.66790017
21.64168022
21.68118652
21.67923352
21.66471548
21.66447422
21.68526552
21.83039909
21.75153874
21.71580957
21.73784152
21.72758339
21.69719922
21.70806587
21.73656891
21.67883230
21.69863378
21.70672243
21.71183687
21.71329852
21.78195322
21.73617230
21.71196009
21.73911378
21.75368400
21.74029178
21.78963965
21.77285722
21.77848426
21.64909230
21.69437065
21.69851135
21.68786535
21.69448965
21.75878248
21.80753413
21.71919796
21.70852387
21.72928317
21.71745017
21.77255052
21.77931626
21.77390583
21.68703170
21.73198839
27.45174143
21.77285226
21.79451943
21.76237570
21.68551830
21.71160322
21.62423417
21.73476039
21.68465843
21.71981148
21.72248296
21.77132826
21.70142500
21.69492083
21.96554135
21.66456483
21.68557148
21.71308126
21.74483122
21.70515826
21.70360678
21.74297830
21.66176365
21.72474435
21.67739491
21.63735683
21.63048513
21.74470878
21.66524835
21.73071335
21.70126283
21.69609487
21.72938583
21.68831313
21.68414217
21.81870830
21.70525513
21.68021648
21.69279648
21.70183935
21.72445978
21.69753604
21.73445957
21.73772100
21.72435091
21.72720013
21.75135091
21.74698313
21.63044987
21.68561748
21.68448887
21.63492939
21.70206126
21.65660652
21.69845335
21.64072087
21.68218235
21.75102039
21.64286335
21.71624239
21.70866517
21.69078309
21.66238765
21.74720439
21.70510765
21.74572496
21.72608739
21.74305874
21.72501000
21.72836087
21.68935822
21.71627535
21.70509987
21.74144191
21.75802887
21.72680961
21.74973061
21.69025213
21.68377596
21.67351339
21.66515430
21.72526083
21.77070309
21.62126078
21.68130026
21.66391761
21.68633335
21.61948287
21.61870530
21.56536183
21.55937983
21.62765709
21.60299065
27.26764896
21.82204509
21.75867826
21.73216391
21.70344139
21.68527439
21.64428426
21.57342826
21.70985500
21.71213613
21.73469274
21.72291113
21.70319561
21.74150804
21.72981400
21.87987639
21.77486900
21.76448570
21.74054774
21.67918196
21.61903339
21.54988248
21.55061300
21.66841000
21.71015413
21.70638674
21.71362061
21.64100565
21.69882361
21.62235322
21.74954670
21.69516365
21.68667165
21.69830652
21.83281848
21.73503383
21.69167761
21.74823361
21.70329613
21.74545304
21.70593343
21.71694543
21.66848287
21.68847339
21.69704700
21.75386530
21.75859522
21.69606952
21.72728965
21.65998304
21.67096026
21.67699522
21.69371765
21.66406570
21.65133639
21.66132965
21.76769400
21.67774278
21.69063370
21.65613778
21.65718283
21.67761209
21.72342270
21.74777891
21.70969983
21.68855217
21.79809930
21.74500096
27.11479804
23.44835665
22.04966783
22.13361609
22.18615200
21.84864804
21.75986048
21.70083174
21.71447378
21.78104309
21.76391143
21.70623678
21.84578570
21.69549513
21.70238074
21.64226865
21.66404217
21.67321152
21.70903243
21.66722574
21.65863439
21.68913817
21.67153404
27.27351809
21.74333996
21.66229830
21.72646213
21.72440926
21.75059483
21.69524083
21.75975922
21.77114352
21.74060935
21.74224461
21.73070348
21.72336696
21.68570791
21.67804609
21.73377348
21.70622991
21.74198491
21.75990852
21.74996100
21.73341396
21.75229222
21.68946300
21.61744983
21.61649000
21.69720896
21.65839083
21.74635252
21.68147530
21.70871391
21.67117474
21.70130922
21.66871104
21.67501565
21.66332435
21.78437861
21.73782739
21.73630648
21.72577730
21.75801626
21.85167974
21.68922352
21.67467900
21.69269996
21.69790178
21.70436226
21.69208704
21.73707548
21.72915891
21.71429700
21.72288500
21.75047539
21.72879939
21.72057296
21.72070974
21.70736278
21.72388617
21.70735861
21.65734378
21.71606478
21.66908343
21.69409987
21.69498530
21.72286539
21.66979678
21.69453904
21.59929030
21.74041170
21.68277383
21.67612087
21.64623691
21.69624357
21.67532922
21.67037735
21.70818470
21.66503639
21.65618578
21.70349170
21.70289265
21.72492504
21.70480830
21.79387096
21.71430052
21.74145783
21.57109665
21.56809987
21.52298900
21.53435404
21.51607604
21.76742065
21.70716278
21.66807704
21.74172665
27.37323552
21.70633696
21.69365326
21.66359130
21.73981713
21.65099022
21.70527296
21.72418817
21.74507470
21.68904583
21.78353422
21.78812804
21.76212017
21.68167874
21.69514513
21.68159404
21.68107791
21.71862196
21.78511048
21.74671643
21.69833613
21.70379943
21.74489661
21.70652404
21.77023417
21.80505387
21.66866878
21.68260430
21.68580348
21.64304183
21.66946287
21.68113030
21.69205613
21.69435435
21.78524822
21.64306391
21.65218683
21.63118987
21.69943574
21.67252839
21.75329600
21.69284857
21.77042596
21.70148730
21.70212257
21.70444474
21.73860404
21.71757643
21.71452609
21.71532730
21.70406643
21.73907283
21.69918683
21.76748165
21.76088752
21.73046822
21.74402300
21.70579109
21.67027043
21.62174109
21.72025583
21.67723591
21.65865648
21.66877478
21.70527643
21.72311874
21.72444809
