24.28901604
21.88989225
21.74276967
21.67212337
21.66891721
21.67616392
21.66564033
21.64712796
21.71427554
21.70372262
42.22991413
21.75729788
21.71204033
21.73426446
21.70139825
21.81584871
21.67152850
21.63612754
21.67451913
21.64476279
21.65110946
21.68335025
21.92355000
21.71100446
21.74389612
21.68044571
21.72333971
21.72570596
21.71088650
21.68970558
21.78149912
21.73242979
21.68674575
21.68733942
21.66307958
21.66841817
21.71332608
21.68054187
21.71343421
21.67908183
21.89794008
21.63682208
21.75339533
21.75938654
21.68020837
21.65433521
21.65327208
21.61948412
21.61724154
21.60392788
21.65539554
21.64714287
21.69717171
21.60978233
21.64339188
21.61791796
21.60667633
21.61542217
21.65799775
21.61143800
21.66129883
21.66966833
21.66840958
21.65311779
21.69136479
21.66603658
21.65361771
21.65562662
21.84611833
21.65095479
21.69225921
21.63469371
21.71733925
21.65508904
21.75454779
21.71534800
21.75273104
21.69945154
21.71274683
21.67345229
28.22556288
21.70117425
21.66856333
21.65430492
21.64668071
21.65396742
21.71177025
21.71339754
21.73476087
21.70102317
21.74566533
21.67898663
21.67879279
21.70875287
21.67555463
21.66443129
21.64431221
21.61830925
21.64020221
21.64125842
21.65063671
21.64608025
21.68531792
21.70447204
21.66668988
21.68051904
21.67041629
21.69262396
21.71389346
21.66976183
21.69266908
21.64222175
21.65871221
21.68933762
21.77933367
21.69862413
21.66793242
21.65416192
21.66145158
21.68373883
21.67905679
21.71360679
21.65818500
21.63960467
21.68163471
21.64944138
21.72201367
21.75701450
21.72583575
21.68395350
21.76270658
21.65680108
21.67095217
21.65441725
21.70505588
21.59921671
21.58956021
21.62374338
21.70787908
21.73288342
21.75528896
21.72458850
21.71649579
21.64105400
21.66629212
21.68453013
21.70044750
21.65107417
21.69084292
21.65548496
21.71913567
21.74323742
21.68422146
21.66550000
21.71072567
21.74077737
21.72605517
21.73162496
21.72408875
21.67910100
21.84094012
21.67468621
21.65004292
21.61999454
21.65089246
21.66128346
21.65078512
21.62999779
21.68653275
21.62321833
21.66308225
21.64833742
27.04516279
21.70971658
21.72715217
21.64788012
21.66390892
21.65928917
21.67140508
21.68688379
21.69420187
21.64419858
21.64564950
21.64554583
21.65873562
21.64412188
21.68576138
21.70516238
21.70290362
21.66526512
21.68492275
21.70224450
21.72745246
21.66172025
21.65198629
21.66088958
21.68314017
21.67791342
21.68330125
21.61621100
21.60828996
21.61846629
21.68682196
21.73401163
21.72379642
21.73465492
21.84357996
21.71148225
21.71210342
21.71807517
21.74459675
21.71689904
21.74807183
21.76307904
21.77409875
21.88279925
21.79908613
21.75111450
21.77457887
21.80468429
21.82271512
25.54857808
22.46242558
21.72667804
21.74540933
21.71233725
21.78541571
21.77902554
21.75910900
21.71727279
21.73286138
21.73475229
21.74675454
21.69818867
21.72461546
21.75222946
21.77157662
21.75564375
21.72302967
45.62095762
23.19362600
22.98765700
23.27998054
23.30098908
22.99597692
23.06871088
22.82946788
21.64390608
21.65389446
21.62626337
21.84918688
21.64605987
21.66492142
21.66991242
21.69984871
21.70315762
21.69871100
21.64575092
21.74910112
21.66240092
21.69321537
21.67516829
21.67008317
26.85313354
21.66565692
21.62097875
21.75042817
21.74381258
21.74190525
21.71547712
21.74969917
21.64001867
21.64176229
21.64053271
21.66060354
21.65000267
21.66503704
21.67300267
21.69951121
21.67460717
21.67686979
21.64314792
21.70510512
21.68889038
21.70579738
21.70523346
21.69332600
21.68279492
21.68012537
21.65369688
21.77517696
21.66285492
21.68581617
21.68136871
21.72499788
21.66895888
21.79936604
21.62446783
21.65679175
21.69799417
21.75565233
21.67865446
21.67028421
21.62658188
21.64682804
21.67125650
21.65341208
21.64222896
21.64988042
21.63890296
21.62304458
21.62899617
21.63595379
21.60886417
21.66166442
21.63082517
21.64645996
21.66537800
21.65183608
21.68663563
21.70416533
21.67618404
21.66789187
21.67936229
21.65256725
21.63214933
21.64074325
21.63042342
21.66880242
21.59065817
21.71196308
21.73288067
21.77654821
21.72078650
21.71614167
21.65757100
21.68667967
21.66384942
21.69873929
23.09754346
21.74084058
21.65458654
21.87010479
21.69538600
21.69243983
21.65989812
21.67356921
21.69424767
21.73579967
21.74515792
21.70216537
21.65728304
21.67243792
21.63726075
21.64919412
26.79568242
21.69405383
21.62800163
21.77358058
21.63902217
21.68071375
21.61677512
21.68033475
21.64719683
21.65307112
21.66427208
21.70407271
21.61718138
21.67093267
21.64392517
21.68663158
21.64548025
21.65692058
21.64026058
21.61118221
21.61658012
21.98000475
21.62359433
21.64435121
21.63591913
21.64630129
21.64620183
21.68767317
21.68886379
21.75125696
21.67065513
21.67001442
21.65261721
21.76286725
21.64979150
21.66672104
21.62230542
21.61568729
21.60620929
21.66979925
21.68768179
21.79381392
21.71085754
21.70805146
21.65418225
21.69667971
21.67194596
21.69702975
21.68673446
21.72231196
21.68112271
21.71459525
21.70542133
21.71962854
21.70197521
21.72951571
21.72736596
21.76564408
21.72686708
21.76659296
21.77321662
21.70406342
21.64767317
21.69073517
21.66936638
21.64096000
21.64693575
21.65749846
21.63574362
21.64392142
21.62987462
21.66720617
21.68799783
21.71379367
21.64806658
21.67452021
21.63442771
21.64090825
21.63892337
21.78398329
21.71494558
21.66921508
21.64819467
21.64420992
21.65026171
21.64540417
21.61771396
21.65093979
21.64764179
21.64553779
21.65682275
21.67903558
26.74610817
21.77994979
21.65713588
21.65853908
21.64627275
21.67356300
21.66274033
21.67162108
21.89398254
21.68565604
21.64068812
21.70274329
21.72369487
21.74875192
21.72926787
21.74941354
21.71679321
21.72405383
21.66991821
21.67945012
43.02324213
21.70541408
21.65433896
21.74564071
21.71850825
21.76659317
21.64742750
21.71583367
21.72491246
21.76744800
21.73465008
21.65833488
21.75838833
21.64037696
21.64462658
21.68530725
21.65924742
21.64956396
21.62215617
21.75822637
21.63638612
21.66366812
21.63694558
21.64992979
21.66682033
21.70670925
21.64633150
21.66710012
21.78097092
21.66530617
21.81389200
21.64125667
21.66700896
21.73638154
21.75738987
21.64091592
21.60655517
21.62499804
21.64975558
21.69246792
21.63181562
21.69389771
21.68892754
21.73480804
21.72713125
21.70271083
21.68824692
21.64282429
21.70577346
21.68015108
21.68121900
21.65760708
21.63359758
21.63958567
21.62317292
21.71039400
21.74221642
21.79758521
21.82641487
21.77507446
21.65923204
21.68927446
21.76143842
21.68542629
21.61085792
21.68209071
21.69928304
21.69513104
21.72351725
21.70333638
21.65537029
21.70985467
26.89157850
21.71737092
21.69077142
21.71727113
21.66068338
21.68370196
21.66480429
21.70895242
21.67178646
21.86355762
21.65567800
21.65347817
21.64355575
21.63037137
21.63995904
21.63411887
21.64309371
21.69196429
21.63217942
21.69756246
21.64299671
21.61709567
21.63445512
21.65790729
21.62742783
21.63990508
21.58670517
21.63286629
21.61786088
21.63369346
21.60283492
21.65592979
21.72259671
21.65830825
21.65495888
21.68811825
21.65698933
21.68096883
21.70624879
21.65177192
21.68137621
21.67258658
21.69846679
21.68483492
21.60314804
21.64290750
21.63587600
21.70062975
21.80396113
21.73865379
21.70149017
21.73907346
21.64020342
21.69064000
21.65415904
21.64291013
21.67228033
21.65941767
21.62859042
21.67594808
21.69482771
21.71778325
21.69819771
21.72614496
21.72408129
21.69878867
21.68325696
21.70868983
21.69095013
21.69039413
21.64809671
21.64537829
21.65236325
21.63752200
21.64261679
21.70186583
21.66547975
21.65253450
21.75742775
21.70573637
21.64941958
21.65616529
21.64770925
21.66081287
21.63633383
21.60977350
21.66452175
21.68167058
21.64796433
21.67466525
21.61996354
21.66882492
26.69314158
21.70261375
21.63275688
21.64250004
21.65130917
21.65839462
21.65744454
21.70712171
21.66894350
21.72128150
21.69245733
21.74845763
21.68369087
21.75345288
21.68448592
21.67144213
21.64044392
21.64834767
21.61592742
21.67945654
21.71664058
21.73815004
21.70514588
21.73050596
21.62325279
21.65610771
21.64952775
21.62183363
21.65118458
21.61664325
21.61430287
21.70134492
21.77056917
21.67610725
21.67459650
21.74878987
21.68439088
21.73974646
21.72409138
21.68612829
21.68239008
21.69662150
21.66065812
21.69735858
21.65365546
21.69336125
21.68604892
21.70258625
21.68584454
21.69442271
21.66608962
21.67636833
21.66990112
21.73796967
21.66758579
21.67227746
21.64415171
21.65277967
21.63770700
21.68883283
21.64684162
21.68157225
21.66229492
21.65486308
21.67668308
45.97921367
22.94644433
23.55019000
23.29416742
23.72471825
23.22126379
23.95690496
21.71872521
21.73307325
21.70377829
21.71203508
21.82114196
21.74977742
21.64785587
21.68162083
21.61757008
21.64985825
21.64538854
21.70743996
21.71813579
21.74859929
21.70496433
21.73669454
21.66559192
21.70299221
21.65327029
26.78378812
21.65603525
21.64996254
21.63647975
21.67917600
21.68454008
21.74500287
21.66520679
21.71079196
21.70520158
21.70398146
21.67429667
21.67558187
21.65787092
21.67940575
21.63725604
21.65755263
21.63695767
21.66002271
21.67216375
21.66247025
21.62936313
21.62860729
21.60832096
21.66787737
21.66288067
21.69411996
21.65908250
21.67296904
21.61716313
21.60449787
21.73804575
21.65569575
21.63884733
21.67255550
21.59498671
21.75366404
21.65177242
21.65775383
21.68006275
21.68074129
21.62325658
21.67753242
21.69417967
21.71023737
21.66529175
21.71621771
21.72573179
21.70577450
21.67987625
21.70137654
21.64305742
21.71733208
21.65835363
21.66780208
21.60434125
21.68529550
21.71944554
21.71978375
21.71052833
21.71591808
21.63319150
21.67011692
21.65858150
21.66131521
21.63973154
21.66934988
21.62326104
21.65821654
21.73035829
21.68351746
21.67376092
21.70528579
21.65494508
21.68392529
23.01996658
21.70217254
21.73286679
21.74499842
21.64539912
21.63255162
21.65030792
21.67594625
21.65958850
21.70142792
21.62859779
21.65497188
21.62893908
21.64884167
21.66972079
21.72692950
21.67449708
26.71256358
21.77076296
21.66156246
21.63741567
21.67458083
21.67724067
21.72177838
21.63862475
21.64312533
21.66415017
21.63566421
21.61394483
21.65645817
21.63585958
21.67434646
21.66451708
21.70731058
21.67235271
21.68992537
21.66827412
21.66834092
21.65630783
21.65828158
21.65474979
21.63579629
21.60771113
21.62846171
21.65003508
21.72595717
21.71709892
21.73266263
21.78676454
21.69371671
21.67582750
21.68341312
21.64498183
21.68899037
21.64745817
21.68432762
21.71951062
21.65668067
21.67888754
21.67838879
21.64364375
21.67926096
21.70975683
21.70349204
21.68745212
21.66692604
21.64966392
21.66632863
21.64270212
21.65852775
21.64541583
21.63104650
21.65852096
21.66782646
21.63102058
21.63881296
21.67386754
21.63289121
21.64480483
21.78055517
21.82237054
21.76368233
21.67121467
21.73473704
21.71320467
21.73352950
21.75613521
21.77226717
21.70956242
21.74599138
21.73772142
21.74900767
21.75497679
21.79066675
21.84856287
21.81675408
21.70214037
21.75240654
21.76770000
21.79213775
21.74772283
21.78920487
21.78871762
21.81588983
21.65710283
21.66715733
21.60553979
21.64438271
21.61007525
26.65825258
21.79023658
21.73280492
21.72675617
21.73713325
21.69629071
21.68811846
21.65210221
21.65616367
21.62915542
21.66702846
21.61170808
21.66964696
21.64366317
21.67379113
21.63825196
21.68524229
21.70297817
34.16339621
32.11876171
23.07259533
23.87929242
21.68109604
21.73641379
21.63606558
21.62503163
21.69175692
21.66970112
21.66858613
21.61092550
21.77112683
21.61041337
21.65596354
21.67314029
21.66777533
21.66239587
21.66722913
21.71092288
21.65296167
21.65728154
21.70796121
21.62507646
21.69451037
21.64053442
21.64553942
21.67819233
21.67831792
21.62150871
21.67514767
21.83137162
21.66574158
21.68977317
21.70398892
21.69005338
21.69125604
21.64985321
21.67837000
21.68399742
21.68190467
21.64418679
21.65242237
21.62149529
21.62518900
21.58422067
21.66751958
21.69615217
21.74135646
21.69282608
21.71917800
21.66445446
21.64670321
21.63396813
21.66321050
21.64884888
21.69115333
21.67261900
21.77324125
21.72938687
21.65621879
21.62569429
21.70533362
21.75679917
21.68164046
21.68485992
21.67951167
21.64399450
21.66250063
21.62966450
21.64628896
21.62712900
21.63527667
26.82073392
21.74164412
21.64655388
