5.05449700
2.80585933
2.76887433
2.72496367
2.73306333
2.72534667
2.71435800
2.72272767
2.71811867
2.70477700
2.71513400
2.71579100
2.71144567
2.70524100
2.71149100
2.71080800
2.71198133
2.71008333
2.70958133
2.71946467
2.72143433
2.71242067
2.73109033
2.73541667
2.73697467
2.72727300
2.73319633
2.71599733
2.72476033
2.71827633
2.73136000
2.71446567
2.71247800
2.71790167
2.72229900
2.71307833
2.72153600
2.71791833
2.70785100
2.71772467
2.70994667
2.71150733
2.71144200
2.70679367
2.70773900
2.71434667
2.72770367
2.71158800
2.71290767
2.70688800
2.71974800
2.71825500
2.72565567
2.73220267
2.72552100
2.73334933
2.72869867
2.73328333
2.73081633
2.73232133
2.72132700
2.71240367
2.72826300
2.71875667
2.72439767
2.71281733
2.71790100
2.70930500
2.73345667
2.71968367
2.71264767
2.72036400
2.70941567
2.71063700
2.70890300
2.71514167
2.71100567
2.71279433
2.71553367
2.70597033
2.71085167
2.70615767
2.72030967
2.72474733
2.72447267
2.74108167
2.73085467
2.73420800
2.73001367
2.74069000
2.73683833
2.72836133
2.71503367
2.72570933
2.73407033
2.72705833
2.70999600
2.71782300
2.71543833
2.71363867
2.72285333
2.71336833
2.72223167
2.70579367
2.71984200
2.71079500
2.70452167
2.71285367
2.71421367
2.71043633
2.71500133
2.71719733
2.71915767
2.70410133
2.71805567
2.71281100
2.72626767
2.72877233
2.73411667
2.73279533
2.73401167
2.73114400
2.73047733
2.72799533
2.72911533
2.71796900
2.73115067
2.72181300
2.71010633
2.72581700
2.71554767
2.71018800
2.70831600
2.71966567
2.71170767
2.71744167
2.71365067
2.71380933
2.70193500
2.71187367
2.70835600
2.71583600
2.70792933
2.71313900
2.71262167
2.70592633
2.71532000
2.72067500
2.73050700
2.71317900
2.74219433
2.73028933
2.74330667
2.73374800
2.73815133
2.72638633
2.71766500
2.72489767
2.73085367
2.71577333
2.70429233
2.71535967
2.72768900
2.70250567
2.72317100
2.70933433
2.70804567
2.71035167
2.71757233
2.71420967
2.70722633
2.70975933
2.70751067
2.71299533
2.71169133
2.71570200
2.70961200
2.72126200
2.71619100
2.72750867
2.72939700
2.72687933
2.72979333
2.73009867
2.74480200
2.73560133
2.72721967
2.73225933
2.73122400
2.71513367
2.73251667
2.72326933
2.71001033
2.71438133
2.71805900
2.71119567
2.70578333
2.71230000
2.71805100
2.70589933
2.71646233
2.70720400
2.71805333
2.70724667
2.72032800
2.71273333
2.71849000
2.72058133
2.71639967
2.70789733
2.71537633
2.72656067
2.73221367
2.71918033
2.73261800
2.73007067
2.74134767
2.72463100
2.72535400
2.73578233
2.72983967
2.72482500
2.73587367
2.72787233
2.72047600
2.71801500
2.71470567
2.70545267
2.71681867
2.71809133
2.70939600
2.72506500
2.70805600
2.70783033
2.71191900
2.70452267
2.71589900
2.70970067
2.72069233
2.70681467
2.71761133
2.71248533
2.72683667
2.73862133
2.73852633
2.73196433
2.72450133
2.72518100
2.74752133
2.74426867
2.73041167
2.72687967
2.72958667
2.71855600
2.73592400
2.71689100
2.71592133
2.70971800
2.71749267
2.71540367
2.72824967
2.72028133
2.72045733
2.71493733
2.70528133
2.70652267
2.71058167
2.71313167
2.71612700
2.71057733
2.71207467
2.72311967
2.71762667
2.70831700
2.71699833
2.72640367
2.72890033
2.72963767
2.73566700
2.73599200
2.73362800
2.73367233
2.72684500
2.72155133
2.72987633
2.71838733
2.72952967
2.72906567
2.70858400
2.71668433
2.71728300
2.71807500
2.70529933
2.71238467
2.72827533
2.71080967
2.70559133
2.71188033
2.71380800
2.70795067
2.70483000
2.71009400
2.70935433
2.70220000
2.71774200
2.71015467
2.71468467
2.70922633
2.72241967
2.72759667
2.72116333
2.72101833
2.73540600
2.72745633
2.72751500
2.71791900
2.72049633
2.71477367
2.71170667
2.72566600
2.71089533
2.72018767
2.71496467
2.70512200
2.71371233
2.71012767
2.71845200
2.71842367
2.70981800
2.70747333
2.70142500
2.70240233
2.70421500
2.71525200
2.71055567
2.70123800
2.70991033
2.70768300
2.71120633
2.74035000
2.72782267
2.72617733
2.71929433
2.72899833
2.74584933
2.73390967
2.72282733
2.72600167
2.71745867
2.71076200
2.73524233
2.72508167
2.71725100
2.71633367
2.71605600
2.71411467
2.71233233
2.71415233
2.71806500
2.71039100
2.71485067
2.71069367
2.71474267
2.71201167
2.71004433
2.70743733
2.71569700
2.71506400
2.70900500
2.71569633
2.73304767
2.72068567
2.72458633
2.71746533
2.72198800
2.72384933
2.73144100
2.72694167
2.72415100
2.72132233
2.71155567
2.71851233
2.71334267
2.71707100
2.71267000
2.70442300
2.72022033
2.72075233
2.72660767
2.71879133
2.71266267
2.71534900
2.70970333
2.70811400
2.70465467
2.71333167
2.70646267
2.71192800
2.71123767
2.70020833
2.71502500
2.70668700
2.71933233
2.71828533
2.71644600
2.72736300
2.72990700
2.72372800
2.72205200
2.72400067
2.71672733
2.72190233
2.72611167
2.71264667
2.73551333
2.72460633
2.71360133
2.70935967
2.72200933
2.71319133
2.70506133
2.72565967
2.70820233
2.71298467
2.71185767
2.70210267
2.70738500
2.71299133
2.71363567
2.70933467
2.71618367
2.70217433
2.71660033
2.70666567
2.72220033
2.73041800
2.73396967
2.71906900
2.73558033
2.72976400
2.73035800
2.73359500
2.73131933
2.72238333
2.72651367
2.72671767
2.72288133
2.72557600
2.71574433
2.70931867
2.72083667
2.71356867
2.72083700
2.71441800
2.71202167
2.71481200
2.70365533
2.70581567
2.70744533
2.70373000
2.70326733
2.70972633
2.71563600
2.70436900
2.71599000
2.70835967
2.71498033
2.71677833
2.72082900
2.72388267
2.72283933
2.72602267
2.74325733
2.72712933
2.71731033
2.73560800
2.72532667
2.72192433
2.71949100
2.73379700
2.71872233
2.71166667
2.71703100
2.71211133
2.71430900
2.71326500
2.71759033
2.71265167
2.70485467
2.70169500
2.70574067
2.70813567
2.70603200
2.71159767
2.71604833
2.71253667
2.71172633
2.70527900
2.72649033
2.73979267
2.73245133
2.74037233
2.72299767
2.73012200
2.73370133
2.73032733
2.71460633
2.73239833
2.72009833
2.71951467
2.72050567
2.71548400
2.71516733
2.71261367
2.72567467
2.71430700
2.71826633
2.71334300
2.71135100
2.71263267
2.71285000
2.70054000
2.71906300
2.70509333
2.70704767
2.70487800
2.70880467
2.71084667
2.71271867
2.72045100
2.71424033
2.70956733
2.73252800
2.73322533
2.72622533
2.72065200
2.72946000
2.73278267
2.71527067
2.71734067
2.72875100
2.71982467
2.72312800
2.70967233
2.70560633
2.70754633
2.71473100
2.71232933
2.70552900
2.70065833
2.70587933
2.70715300
2.70500033
2.69104133
2.70658867
2.69808033
2.70179933
2.70532500
2.69781000
2.69606733
2.71486067
2.70181333
2.70393500
2.71052900
2.71508500
2.71009500
2.71078367
2.71980800
2.72337800
2.72501500
2.71920467
2.72557200
2.71870733
2.71216333
2.71921200
2.70807667
2.70328567
2.71001500
2.70835633
2.70604800
2.70342333
2.70928367
2.70636800
2.70691767
2.70229300
2.70243133
2.69904333
2.71919900
2.70584067
2.70751533
2.70901233
2.70279467
2.71077500
2.68778200
2.70756367
2.70767667
2.71722400
2.71050733
2.71788600
2.71968467
2.71024333
2.71747900
2.71564000
2.72327500
2.70976133
2.71228833
2.73073200
2.70945567
2.70510633
2.71003933
2.71144833
2.69948667
2.71746000
2.70329000
2.69701800
2.70704733
2.70825267
2.70039833
2.68284300
2.69623533
2.70559467
2.69857233
2.70182033
2.69959167
2.70259300
2.70038833
2.69853533
2.70497033
2.71753367
2.70644167
2.70641933
2.70866600
2.72071800
2.72066433
2.71497533
2.71521800
2.72532400
2.71250367
2.71668667
2.71673567
2.71459933
2.70840233
2.70342900
2.70725333
2.70521033
2.70798333
2.70652333
2.70709700
2.72044000
2.70485533
2.70874200
2.71586800
2.70642533
2.71635633
2.71773500
2.71722133
2.71891000
2.70805100
2.72024600
2.72709867
2.72735600
2.72390000
2.73937867
2.72583467
2.73752167
2.73586900
2.73050833
2.71820500
2.73275433
2.71663433
2.73159800
2.72779800
2.71613767
2.72216667
2.70618333
2.71281267
2.70929333
2.71105233
2.72215400
2.71780233
2.70875800
2.70849133
2.71771700
2.70166933
2.71289567
2.72089700
2.71362400
2.70773333
2.70515967
2.71525000
2.73019900
2.71828367
2.73006900
2.72985567
2.73940367
2.72076833
2.73286400
2.73685100
2.72531500
2.72320567
2.73848133
2.72586200
2.72765733
2.72030100
2.71535267
2.71858967
2.72455333
2.71543400
2.71803400
2.71634100
2.72189867
2.71030233
2.71514167
2.70769100
2.70764100
2.71480267
2.71442533
2.70876567
2.72274100
2.71843967
2.72024267
2.71245333
2.72196667
2.72735600
2.72714600
2.73099200
2.72619467
2.73149900
2.73618000
2.73658433
2.73190833
2.72624867
2.72387333
2.71452767
2.73588900
2.71196433
2.70733667
2.72096533
2.72225800
2.71358167
2.72383733
2.72464633
2.70995900
2.71455633
2.71255267
2.71108300
2.71459167
2.71514667
2.70966267
2.71521033
2.72956833
2.71894033
2.71697733
2.70648500
2.73146667
2.71894333
2.73172900
2.73198067
2.73733033
2.73687633
2.73131667
2.74793667
2.72029367
2.72438167
2.72221767
2.71347233
2.73490300
2.72080400
2.71521033
2.72034633
2.71935633
2.71284500
2.72678900
2.71586833
2.71804000
2.70832133
2.72048033
2.70643333
2.70561100
2.71491667
2.71504400
2.70615600
2.72319333
2.70541500
2.72251167
2.70463667
2.71878967
2.72644500
2.73380233
2.73034000
2.74186100
2.74223200
2.72742533
2.73315100
2.72621167
2.71953533
2.72635000
2.72293167
2.73323133
2.72256300
2.71808400
2.72054067
2.71948533
2.71134533
2.71451200
2.71919367
2.72106433
2.71558667
2.71188033
2.70448233
2.70039600
2.71770467
2.71784300
2.71799367
2.71483367
2.72051933
2.70913400
2.70528533
2.71928467
2.72684733
2.72262900
2.72307200
2.73088100
2.72329100
2.74665767
2.72989733
2.72329867
2.72410033
2.73101433
2.73028700
2.73437733
2.71883900
2.70780733
2.72142767
2.71741700
2.71783333
2.71017233
2.72767533
2.70989433
2.70566033
2.71993900
2.70751000
2.70281200
2.70581100
2.70286233
2.70757933
2.71107333
2.71576667
2.80157367
2.73802867
2.71370933
2.72518500
2.73028567
2.73088367
2.74507400
2.74006633
2.73893200
2.73411367
2.72944933
2.72678767
2.72658567
2.72064000
2.72728333
2.73675700
2.72354700
2.71600733
2.72677267
2.71842833
2.71974033
2.72304033
2.71795733
2.71801633
2.72023433
2.70658600
2.71033067
2.71272233
2.70988167
2.71296833
2.71473067
2.71671200
2.73474667
2.71420633
2.71931500
2.71875167
2.73391233
2.71661133
2.73260367
2.72735567
2.74241500
2.73513967
2.71447733
2.73008400
2.72407900
2.71513567
2.72555200
2.71554800
2.71249933
2.71219533
2.71556867
2.71326767
2.71361533
2.71261233
2.71002300
2.70778833
2.71225700
2.70168967
2.71832933
2.70945167
2.71275000
2.71000900
2.71527967
2.71025933
2.72663367
2.72414033
2.72703333
2.72151667
2.72018100
2.72529833
2.72604433
2.73353133
2.74386133
2.72980733
2.72329267
2.71886067
2.72959700
2.71765033
2.72261233
2.72835067
2.70743467
2.70007967
2.72000833
2.70961067
2.71706367
2.71580900
2.71754767
2.72628500
2.71795500
2.70595867
2.71455267
2.71570467
2.70185400
2.70934833
2.71159067
2.70482367
2.71493567
2.70715367
2.72162400
2.72113233
2.74456833
2.73388100
2.74300333
2.72720167
2.73412467
2.73331533
2.71538233
2.72559233
2.72847867
2.71907433
2.72833033
2.73505533
2.71685067
2.72274967
2.71730600
2.71576100
2.72470400
2.70744967
2.71301700
2.71481600
2.71680733
2.70774467
2.70978100
2.70857200
2.70960967
2.71038300
2.70964933
2.71202567
2.71565867
2.71018300
2.70956467
2.72851700
2.73101967
2.72579100
2.73493700
2.72455967
2.73106567
2.73214800
2.73664767
2.72386467
2.74047700
2.71785767
2.73244133
2.71507267
2.71287300
2.72479200
2.71833767
2.71013000
2.71143633
2.71292867
2.71351767
2.71534300
