5.94062225
3.36841325
3.33453800
3.37556150
3.28228025
3.29802275
3.29397500
3.32437750
3.30291325
3.32205700
3.29182150
3.29958575
3.29712550
3.31817175
3.29033900
3.31686225
3.29369100
3.30095050
3.28181300
3.31422775
3.29154225
3.29511850
3.30494075
3.31284225
3.28153150
3.32086725
3.30105825
3.30425975
3.29409225
3.32346075
3.28812125
3.31862950
3.29708600
3.30980000
3.29264425
3.30092075
3.27906125
3.30251400
3.27631825
3.30220025
3.28665150
3.31736550
3.29180400
3.30738700
3.29309075
3.31528450
3.30006350
3.32984600
3.31307900
3.31652350
3.29771950
3.31671100
3.28542200
3.30068875
3.28231650
3.31154675
3.27844400
3.30500875
3.28343875
3.29512700
3.26376450
3.31226650
3.27574875
3.29715500
3.26102325
3.30514875
3.27810800
3.30011125
3.29572475
3.30335100
3.29725225
3.31605550
3.30117950
3.33371100
3.30349675
3.31840800
3.30139400
3.30982125
3.31596350
3.31927050
3.29000325
3.32659650
3.29138900
3.31967675
3.29340325
3.30951000
3.29035125
3.31504175
3.28296225
3.31089375
3.29314025
3.30796725
3.29643975
3.30841400
3.30820050
3.31016725
3.27273750
3.31520250
3.29686250
3.31387950
3.28066350
3.30518900
3.28379225
3.31017250
3.30676050
3.32416725
3.30147600
3.30818000
3.30039575
3.31457325
3.29590450
3.33483525
3.30894850
3.31521825
3.31909450
3.31180275
3.28521925
3.31197625
3.28657525
3.30989800
3.28163950
3.29819250
3.26658575
3.27453225
3.26161550
3.29887525
3.26532725
3.27781675
3.24523025
3.29285075
3.26923025
3.30305450
3.27572750
3.31439050
3.28784525
3.30980975
3.28565600
3.32602850
3.29028400
3.30725825
3.29680025
3.31458925
3.30417300
3.31931125
3.27626125
3.31069050
3.28978875
3.32667875
3.29551850
3.31164750
3.28630625
3.31170775
3.29037700
3.30635025
3.29737775
3.30110925
3.27239525
3.31032675
3.29286525
3.29633600
3.27364950
3.31131525
3.27929950
3.29558900
3.28756250
3.30368525
3.29197600
3.31161075
3.28089725
3.31822350
3.29439450
3.29626675
3.28343500
3.29277000
3.27607250
3.32566250
3.29421425
3.31369525
3.28000750
3.30794075
3.27857750
3.29545450
3.27683450
3.29453425
3.27285725
3.29789050
3.27411150
3.28803300
3.25384075
3.29802000
3.27131100
3.28468200
3.25951400
3.28321650
3.26625125
3.28911150
3.26443350
3.28905500
3.26935775
3.29133825
3.29247650
3.31450625
3.28439850
3.30048675
3.29870900
3.30002925
3.29654625
3.30614175
3.28957425
3.31396125
3.28341600
3.30582350
3.29938300
3.29506750
3.31520750
3.32065550
3.30590575
3.32496725
3.31550875
3.32397400
3.31213025
3.33869175
3.31065100
3.33238750
3.31396650
3.33249475
3.30581400
3.33063850
3.27864175
3.31431675
3.29496000
3.31214825
3.28705175
3.32379650
3.28272650
3.30488425
3.29055025
3.31458225
3.29568425
3.31073150
3.29159350
3.32223150
3.29873675
3.31080375
3.29290375
3.31963775
3.28654250
3.31470675
3.27640050
3.29686475
3.28292850
3.27930525
3.26551775
3.30278275
3.26884600
3.27406325
3.26748675
3.29406900
3.25847425
3.29387750
3.27473575
3.27859100
3.28488725
3.31120675
3.28687800
3.31174225
3.29356700
3.31686300
3.28975875
3.30411425
3.28903200
3.31414175
3.29110725
3.30014525
3.30049400
3.30722700
3.29166150
3.30504200
3.27606225
3.30666150
3.27436950
3.29850600
3.29790825
3.29683375
3.29227325
3.30860275
3.29307375
3.30261600
3.28877650
3.30960650
3.27864175
3.31033250
3.30456175
3.30854675
3.29566775
3.32306850
3.30116825
3.32804450
3.30234425
3.30440925
3.29117375
3.31695125
3.30848200
3.32729700
3.31066875
3.32882450
3.29376575
3.30734900
3.30381325
3.31141900
3.29323650
3.30929075
3.28902625
3.31431475
3.28528050
3.27551450
3.28086800
3.31952500
3.31337425
3.28770775
3.25666525
3.30020750
3.28184850
3.29707700
3.27699850
3.29617050
3.29105325
3.32158900
3.29612875
3.32705900
3.30522875
3.31955000
3.30769550
3.32314275
3.31373275
3.31989325
3.31216450
3.32469225
3.31867025
3.32493950
3.29505975
3.32232625
3.29670150
3.30551150
3.30144750
3.31283200
3.30627950
3.30283425
3.30805975
3.32382675
3.31318875
3.31977925
3.28230525
3.30935575
3.29834950
3.31799500
3.28881575
3.30894625
3.29926075
3.31489900
3.30731125
3.32812825
3.30487575
3.30449600
3.30460000
3.31849150
3.30910350
3.32550400
3.30715725
3.32931125
3.30204400
3.32133725
3.28955675
3.30985675
3.29342900
3.30071075
3.27246150
3.31755475
3.28126350
3.27732825
3.25965125
3.29624450
3.28141675
3.29722450
3.27993500
3.29042325
3.27171175
3.29952100
3.27503125
3.32500800
3.29577550
3.32285750
3.28261625
3.32650600
3.29530700
3.31552500
3.30032825
3.32402925
3.29502975
3.31744450
3.30101175
3.32732650
3.29889625
3.32627275
3.29541200
3.31960950
3.28951675
3.32718950
3.29445200
3.32912425
3.29926925
3.31092725
3.29123200
3.31814000
3.31049600
3.33086250
3.30654575
3.30851550
3.29770975
3.30700725
3.28759950
3.31351400
3.29016350
3.31435825
3.29169075
3.32282725
3.30628250
3.31400550
3.28169700
3.31874600
3.29784525
3.31943800
3.29800575
3.31928375
3.29123550
3.30822875
3.28286350
3.30861000
3.27911975
3.31268975
3.26980000
3.29266225
3.27211150
3.28331650
3.27169775
3.30176925
3.28572950
3.27747875
3.26435800
3.28779025
3.26230925
3.29549950
3.27892225
3.29908825
3.28108800
3.31496450
3.29366775
3.32324700
3.29453650
3.30097175
3.29160600
3.29975500
3.29125175
3.34120525
3.31446100
3.33148075
3.31945475
3.33945375
3.31399500
3.35381450
3.31786275
3.35433575
3.32627750
3.35974225
3.34062400
3.34491775
3.33532300
3.35376525
3.32422675
3.34425900
3.32366475
3.36434400
3.33067200
3.34145400
3.31736450
3.33389800
3.31743000
3.34458875
3.31979625
3.32512850
3.30163450
3.32030050
3.29960250
3.32587500
3.30794050
3.33404325
3.30749575
3.33787925
3.29330300
3.32082475
3.31024150
3.32024950
3.28303125
3.32373525
3.27630900
3.29323825
3.27731400
3.28543100
3.26527875
3.29737250
3.28233775
3.28304175
3.26832675
3.28542450
3.26743025
3.29523025
3.27751550
3.30197875
3.27737650
3.30229350
3.29888125
3.29275275
3.29013575
3.30663375
3.29642325
3.29397675
3.30028725
3.32068125
3.28974050
3.30971950
3.29283075
3.30432700
3.29740500
3.28957475
3.29273100
3.29881500
3.28245700
3.30695775
3.30551200
3.29316850
3.29786600
3.31440750
3.29110400
3.29720475
3.29072725
3.30463725
3.28579500
3.29892800
3.27601175
3.29104375
3.28762975
3.30912400
3.29476525
3.31329575
3.29956450
3.30647975
3.29408875
3.30953275
3.29908175
3.32374425
3.29257225
3.31424225
3.27159175
3.29233375
3.29535350
3.29948875
3.26711750
3.30258950
3.26681275
3.29351175
3.26699925
3.27735125
3.26380450
3.29530550
3.27905800
3.29535125
3.26259150
3.27483075
3.27723375
3.28734200
3.26618425
3.29102100
3.28024050
3.30279100
3.28895550
3.31553900
3.29549750
3.29052850
3.30346050
3.30993425
3.30080600
3.31362475
3.28319050
3.30611175
3.28056000
3.32108050
3.30114675
3.30921250
3.28388775
3.30770450
3.29031050
3.31106825
3.29697750
3.30682750
3.28427275
3.30699425
3.30375925
3.31846925
3.28234225
3.31045825
3.28533475
3.30551875
3.27663650
3.29310100
3.28333000
3.31009675
3.28420675
3.31554500
3.29062425
3.31113925
3.29155900
3.31128600
3.29395400
3.31891000
3.29074600
3.31625225
3.28488000
3.31627775
3.29090075
3.29755500
3.27301725
3.30376125
3.26681100
3.29812100
3.26725400
3.28844500
3.25902075
3.29990800
3.27938425
3.28592250
3.27335100
3.28586025
3.27746450
3.29737975
3.27421600
3.29195025
3.27800825
3.31276625
3.28947550
3.31670975
3.29479150
3.30270850
3.29651650
3.30812550
3.28436750
3.30243800
3.28871325
3.30513725
3.29251825
3.31163525
3.28864525
3.30187625
3.27954225
3.29335650
3.28470100
3.30569800
3.28506300
3.29838550
3.27689875
3.30918200
3.28429925
3.31525350
3.29117700
3.30565150
3.28596450
3.29972225
3.28480975
3.30471675
3.27989250
3.30898975
3.29262975
3.31348725
3.30626825
3.30880750
3.29172150
3.31084075
3.30186575
3.30232125
3.28285150
3.31512000
3.28014975
3.30744250
3.29534475
3.30431450
3.28661325
3.30237650
3.27409400
3.29031025
3.26832750
3.29379150
3.24913075
3.27990625
3.27652175
3.28339925
3.27523100
3.28625825
3.27292125
3.29904850
3.27585950
3.28487675
3.28589700
3.31669400
3.29665750
3.32226050
3.29329625
3.30410600
3.29056775
3.30539675
3.29586275
3.30692925
3.29522950
3.29716375
3.28112800
3.30800625
3.28070375
3.29722075
3.27749125
3.30940850
3.28739725
3.30330375
3.29259775
3.30713100
3.28704175
3.32938350
3.29141675
3.30556050
3.31204075
3.31778575
3.29779550
3.30787450
3.27781750
3.28521100
3.27496075
3.31969550
3.28428875
3.31561000
3.30200275
3.29456775
3.29900075
3.30747575
3.29362750
3.32262625
3.29225650
3.31942150
3.28211500
3.31867775
3.29775050
3.29339750
3.27434225
3.30737275
3.28089750
3.30541650
3.28023950
3.28872950
3.26853700
3.30154750
3.27960200
3.29266325
3.27545050
3.30159625
3.27599350
3.28843200
3.27966200
3.29904975
3.29847025
3.29349200
3.28498800
3.32600150
3.29069675
3.29610600
3.28401325
3.30525625
3.28702500
3.31628725
3.28621375
3.30127875
3.28208500
3.31852575
3.28055275
3.30175700
3.29045125
3.30389750
3.27405200
3.30800575
3.29090425
3.31567975
3.28826700
3.31090275
3.30148325
3.32200100
3.29556325
3.31762850
3.28201925
3.30141900
3.28280150
3.28631625
3.28851275
3.31452525
3.28246075
3.31976525
3.29207525
3.31331025
3.28075750
3.30799225
3.29799900
3.33225100
3.28597500
3.31508950
3.29300750
3.30186250
3.27730625
3.30656975
3.28584650
3.30538900
3.26687825
3.29049150
3.28559100
3.28539125
3.25995825
3.29383150
3.27894175
3.30032250
3.27123300
3.28327675
3.26614425
3.28806850
3.27342450
3.29357825
3.28988425
3.31180675
3.29916325
3.32483575
3.28833300
3.30956375
3.29884075
3.30858975
3.29998200
3.31028775
3.27629250
3.30684750
3.28514875
3.31606950
3.29345350
3.30352725
3.28616050
3.30472250
3.28609750
3.31772475
3.28579075
3.30975775
3.28259925
3.32081525
3.29061900
3.30514825
3.29106900
3.31553300
3.27891125
3.29903475
3.29099875
3.30202275
3.28625625
3.30387875
3.28346750
3.34885550
3.30464050
3.32184600
3.28639625
3.31762950
3.29694325
3.32393075
3.29460250
3.32162225
3.29872975
3.31004875
3.28741425
3.31066550
3.27527800
3.30111250
3.27032775
3.29700125
3.28162200
3.28557350
3.26144150
3.28945825
3.27363875
3.27889575
3.26992700
3.28881325
3.26369525
3.29898000
3.26704275
3.30399200
3.27818250
3.30313575
3.27750800
3.31950850
3.29488550
3.31125050
3.30236600
3.32393875
3.29837500
3.32773125
3.28166825
3.31180100
3.28715300
3.31923775
3.27565700
3.30883275
3.30099400
3.32609025
3.29463925
3.32093100
3.29633625
3.31636575
3.29429100
3.31072525
3.28850775
3.32520875
3.30568050
3.32418350
3.29645325
3.32009375
3.29622025
3.32068000
3.32366000
3.33663650
3.33111600
3.34971800
3.32018400
3.34707625
3.31931425
3.34328200
3.32265000
3.34150200
3.31472125
3.33652750
3.30469075
3.33262350
3.30372350
3.32659100
3.28983225
3.31590550
3.27765875
3.30910450
3.28313725
3.28566200
3.26860650
3.29566950
3.27137475
3.29443700
3.27427375
3.29957150
3.27781350
3.31263150
3.27063550
3.31691750
3.29421075
3.32054050
3.30272950
3.33358875
3.29560200
3.32914325
3.31066175
3.34832075
3.31717325
3.32530725
3.30062050
3.33527225
3.29612450
3.31394600
3.29591650
3.32962725
3.31008300
3.32583975
3.30103600
3.33768900
3.32260150
3.31767625
3.32816950
3.33896650
3.31434050
3.34644975
3.31506100
3.33671075
3.30670725
3.31324975
3.29320950
3.32721225
3.32025500
3.32283425
