7.01009900
4.70151640
4.61452660
4.56617200
4.55825680
4.55470680
4.55303160
4.54811260
4.55209980
4.53538040
4.54716340
4.54346760
4.55626620
4.56636540
4.56590840
4.57344760
4.59251180
4.60381300
4.57836760
4.59393360
4.58394020
4.58575980
4.57738840
4.57472000
4.58451260
4.56468040
4.58330200
4.57611860
4.58554840
4.57324120
4.59597280
4.60133620
4.58123940
4.60462000
4.58216200
4.57978120
4.54581760
4.54815180
4.56222900
4.56156500
4.55539620
4.56540720
4.56572480
4.57446060
4.56300140
4.58236660
4.57294980
4.57879400
4.58288080
4.57125380
4.60829220
4.58243000
4.58078520
4.57947860
4.58833420
4.58928100
4.58086460
4.59737620
4.62277480
4.57242140
4.55117700
4.55128740
4.57102940
4.56217720
4.55417540
4.55763000
4.55686640
4.58278840
4.55436060
4.53399200
4.54635880
4.55093340
4.54837120
4.53114020
4.55327420
4.56001560
4.56076300
4.55436020
4.56386540
4.55609960
4.56241600
4.54757260
4.57088920
4.56531800
4.57635420
4.56685220
4.57508700
4.58240220
4.58069560
4.56184200
4.57547900
4.56881880
4.56238980
4.55570120
4.56812020
4.56299520
4.58756260
4.55774400
4.57331960
4.56405160
4.56047080
4.54368880
4.56062780
4.56854160
4.54703020
4.55576780
4.55212500
4.56634360
4.55908340
4.55927580
4.57450980
4.55118920
4.57289080
4.55854260
4.56500540
4.56833300
4.56717220
4.55854720
4.57733140
4.57473740
4.57370720
4.57874400
4.56223300
4.57249100
4.57326120
4.56731460
4.57511680
4.57335840
4.57422820
4.54159780
4.54834540
4.56022520
4.54027060
4.53746320
4.54626000
4.54594480
4.54790000
4.56191860
4.64008000
4.59041680
4.58506800
4.54391920
4.57681820
4.56503500
4.58077260
4.55100160
4.58234440
4.57976320
4.56459680
4.58249360
4.59151060
4.58252080
4.59165300
4.55261760
4.56887680
4.58937500
4.57790780
4.55988360
4.58980880
4.58839000
4.58997660
4.57583380
4.56487380
4.58346920
4.55000280
4.57084960
4.57064600
4.54992060
4.56593320
4.53668280
4.55664240
4.58088060
4.56613020
4.54933460
4.57264740
4.56601480
4.56559980
4.55944520
4.57175720
4.55176300
4.56982040
4.56507100
4.57569240
4.57263020
4.57562080
4.57064980
4.58833320
4.56432880
4.55522480
4.56682240
4.57691800
4.55560660
4.56063800
4.54492440
4.54720080
4.55093900
4.53202960
4.53036720
4.54802520
4.53112460
4.54305240
4.52851600
4.53451800
4.54956380
4.54625540
4.54689380
4.56084740
4.55811720
4.56004860
4.55340800
4.55850260
4.56216820
4.55952760
4.57095220
4.56625640
4.56655620
4.57017560
4.56013740
4.59135720
4.56456860
4.57294480
4.55779940
4.58326940
4.57182220
4.57639960
4.58381480
4.57483720
4.57000300
4.56357340
4.56745600
4.55793420
4.55166360
4.56008640
4.54539960
4.54826240
4.57340740
4.56629020
4.55620040
4.56103900
4.56154480
4.55814420
4.58297660
4.57054200
4.56315700
4.55923540
4.55976560
4.56301820
4.57350100
4.56554020
4.56995760
4.57263980
4.57021600
4.55042100
4.57384760
4.57110680
4.56723900
4.55522160
4.55164740
4.55528760
4.55428480
4.54669480
4.56220940
4.55713120
4.53620660
4.55532700
4.56158640
4.55293600
4.54608000
4.55410600
4.55737940
4.57193100
4.56659960
4.57518340
4.56824600
4.58191680
4.56894780
4.56173820
4.56306960
4.56996580
4.56056660
4.58982620
4.56523500
4.56430300
4.57726840
4.57434020
4.56245860
4.55810520
4.55344740
4.55634780
4.54119280
4.55948340
4.54685900
4.53471220
4.53415260
4.53615060
4.53653960
4.52755800
4.52011980
4.54719060
4.57451660
4.55004760
4.55604420
4.57212420
4.56874880
4.56021860
4.56021640
4.55642120
4.56387460
4.56866680
4.56754500
4.55176500
4.56993220
4.58770200
4.56099680
4.58286620
4.55472060
4.55927940
4.57467180
4.57710200
4.56773960
4.56478540
4.55017760
4.56879760
4.55175180
4.54927960
4.54278480
4.55063140
4.54411020
4.54296880
4.54810860
4.54274360
4.53851080
4.55076840
4.55331300
4.57505120
4.56333820
4.56888300
4.55728720
4.56785500
4.58758480
4.57577180
4.58026420
4.57049640
4.56244880
4.59177680
4.56464860
4.58295900
4.58844200
4.56669720
4.57261500
4.58209040
4.58848420
4.60115040
4.57860320
4.57614520
4.59011120
4.55756300
4.56240980
4.57347380
4.55904200
4.55118920
4.55196200
4.56695200
4.57777960
4.55643660
4.54761240
4.56225120
4.56668700
4.57229840
4.56259220
4.58620880
4.57911400
4.57344140
4.57410420
4.58065680
4.57443400
4.58943280
4.56337580
4.58870900
4.56402360
4.56625680
4.58384720
4.57498900
4.58172440
4.56908260
4.55509580
4.56694740
4.57380520
4.55858820
4.55037800
4.56275720
4.55157420
4.55447400
4.55981720
4.55034560
4.56378280
4.58052500
4.56092500
4.56959960
4.57797260
4.58497560
4.56681320
4.57867580
4.58580080
4.59211820
4.59368360
4.57384660
4.59129320
4.57031480
4.57755520
4.57984580
4.57199460
4.58013800
4.57781060
4.58693500
4.57769820
4.59052560
4.57291480
4.57912060
4.57471380
4.55943080
4.56854000
4.55167080
4.56654400
4.54910060
4.55508600
4.55305060
4.57104280
4.56365560
4.56549620
4.57551720
4.55894160
4.57986200
4.58848880
4.57838500
4.56909540
4.56701840
4.58321700
4.59189340
4.57422860
4.57608900
4.56133340
4.58476620
4.57430080
4.57194620
4.57983740
4.58205460
4.58267820
4.57806840
4.55764940
4.57375440
4.57305040
4.56289940
4.55445780
4.55336120
4.54595060
4.55701400
4.56042660
4.55413780
4.56559120
4.55613300
4.55386840
4.56664760
4.56899720
4.57391200
4.56603300
4.55234160
4.57230640
4.56903760
4.56214620
4.57364300
4.56880800
4.57700660
4.55851640
4.57675240
4.56969060
4.56229180
4.57145700
4.57676040
4.56886780
4.57609920
4.56721120
4.56676640
4.56210140
4.55211860
4.56831740
4.56784740
4.55754420
4.55233680
4.55944080
4.55454680
4.56654620
4.56444160
4.56671500
4.57202000
4.55940100
4.54719880
4.55929120
4.58081940
4.57783500
4.58616960
4.56193540
4.57920420
4.57015460
4.58773460
4.55463620
4.57352080
4.57035940
4.54907640
4.56414820
4.56589760
4.56232420
4.57639340
4.54357260
4.56098880
4.54599740
4.55174800
4.55091400
4.55635960
4.55707100
4.54309440
4.55497920
4.54056480
4.54777160
4.56510720
4.54764920
4.56675100
4.57309420
4.55926800
4.55569180
4.57131720
4.56191140
4.56836760
4.55203200
4.57128120
4.55945600
4.56972680
4.56109400
4.56783440
4.57022620
4.56496080
4.57035240
4.56525440
4.57097680
4.57885320
4.57665680
4.56703800
4.55975180
4.56055060
4.56427060
4.55571500
4.54237080
4.54370660
4.54523140
4.56127120
4.59453540
4.56113700
4.55791160
4.54595780
4.57214840
4.57307600
4.56385500
4.58365780
4.58344040
4.59401940
4.57614720
4.58530140
4.58371060
4.58465260
4.57978140
4.59188340
4.57125740
4.57012620
4.57937160
4.57594300
4.57986140
4.57160000
4.56357060
4.57540120
4.57162840
4.56062960
4.54277740
4.56007440
4.56748880
4.54678740
4.55914360
4.54717220
4.55375100
4.57068000
4.56898680
4.57055700
4.56579640
4.57747360
4.55548780
4.56973520
4.57392800
4.57068340
4.58159560
4.57427040
4.57067360
4.56749460
4.56693500
4.58820920
4.57062160
4.56610040
4.57935840
4.56731080
4.57928460
4.60020220
4.57412460
4.57907280
4.56012580
4.55903600
4.56797420
4.56000600
4.56704980
4.56046280
4.56401160
4.56207200
4.56811740
4.56051020
4.56012460
4.58868360
4.58108500
4.60428960
4.58004720
4.58207840
4.57673420
4.58200000
4.58797800
4.56734200
4.56996520
4.57434360
4.56216440
4.57944620
4.56663940
4.55606140
4.56855440
4.56775540
4.56010880
4.55718080
4.54606840
4.55623320
4.55768700
4.54022560
4.54712840
4.54594840
4.54557260
4.54674600
4.52876760
4.53926040
4.53684760
4.55651880
4.55071460
4.55984200
4.56397500
4.55500480
4.54983540
4.56591480
4.56262760
4.57223440
4.56151480
4.56501440
4.55708160
4.57877660
4.56574780
4.57570280
4.57161740
4.57585020
4.56369320
4.58368540
4.60474060
4.58901960
4.57493360
4.57954880
4.57384320
4.55828780
4.56746980
4.57284940
4.55471840
4.55116640
4.55141280
4.55331260
4.57257840
4.55094720
4.56120520
4.55489520
4.56067380
4.56190480
4.57424840
4.57221700
4.56175500
4.55294860
4.56735340
4.56617420
4.57724700
4.57807380
4.56424300
4.58628440
4.56415280
4.55974740
4.56220400
4.55612740
4.54897340
4.56000880
4.55077180
4.56207900
4.55572200
4.55272820
4.53616020
4.54945620
4.54469060
4.54972080
4.54280400
4.54559500
4.55145640
4.57006940
4.55361760
4.55338440
4.56519220
4.54534840
4.56453120
4.55780660
4.57979420
4.56771060
4.56188580
4.55643920
4.56702300
4.57226200
4.56674620
4.58312280
4.56534660
4.57002240
4.55940220
4.56256220
4.57688300
4.57780720
4.56761260
4.57131760
4.55405480
4.56241720
4.56129540
4.55581620
4.56286320
4.55454580
4.53910240
4.56197860
4.56085080
4.54712940
4.55700780
4.55647200
4.56274260
4.58124300
4.56286260
4.57796580
4.56124220
4.58772620
4.56817880
4.56818060
4.56113160
4.57096620
4.56553780
4.57577060
4.57054800
4.55117040
4.56373980
4.55497940
4.55822760
4.56024860
4.55437380
4.56416560
4.53924740
4.53779680
4.52869560
4.55903600
4.53593820
4.54853520
4.53704940
4.55560280
4.55668080
4.55788400
4.54027740
4.55700660
4.56492580
4.56162360
4.55809220
4.55642760
4.56255020
4.56747980
4.55514180
4.56603780
4.55037120
4.57857640
4.57022120
4.57212240
4.56579480
4.56155020
4.54994200
4.57377960
4.57752020
4.57364680
4.55998580
4.57207720
4.56074920
4.56158460
4.55545280
4.55580440
4.53636480
4.54996720
4.54957480
4.55435640
4.55410640
4.55969800
4.54425420
4.56685660
4.56444920
4.56320920
4.55408720
4.57744400
4.57736120
4.59108880
4.57585600
4.57879760
4.57260880
4.57795820
4.56215640
4.58796020
4.57045900
4.56152660
4.55638200
4.57832040
4.59811300
4.56796920
4.54866740
4.56978740
4.55296520
4.55824120
4.53136020
4.55220240
4.52597420
4.54150960
4.55471860
4.53732020
4.56982600
4.56256360
4.56194940
4.56200480
4.55711940
4.56366440
4.55813980
4.56864880
4.57365040
4.56530100
4.57526340
4.56706800
4.55798180
4.57663620
4.56785320
4.58328380
4.56698000
4.56239520
4.56671480
4.57200080
4.58274020
4.59508420
4.55747340
4.56484620
4.55049140
4.54030620
4.54295900
4.54090920
4.52875700
4.54199820
4.54345060
4.55510500
4.57940240
4.55098540
4.55858400
4.56457540
4.57093540
4.55718320
4.56832040
4.56612640
4.56433780
4.57272740
4.56829520
4.57175760
4.57588540
4.57694400
4.55883240
4.57857160
4.57412920
4.55351760
4.57348140
4.57638940
4.56684800
4.56825600
4.55311100
4.57441280
4.55070320
4.54566920
4.53107100
4.55134400
4.55089820
4.54983780
4.53126460
4.55238520
4.54791480
4.56699180
4.55395940
4.55632120
4.55913580
4.55165800
4.55684560
4.55951080
4.56400700
4.57789720
4.57843600
4.56605980
4.56139700
4.58044040
4.54598620
4.58108780
4.56129960
4.56286520
4.57452500
4.56381020
4.57245420
4.57150940
4.56390720
4.57048260
4.56911280
4.56600300
4.56529840
4.55940220
4.55532260
4.53886580
4.56110520
4.55968740
4.57320660
4.55238640
4.56035740
4.55915820
4.56073340
4.56321040
4.58149520
4.57157560
4.57033680
4.56450060
4.55301340
4.57497800
4.56240260
4.56998660
4.56169940
4.57919100
4.57031740
4.54894880
4.54778720
4.57174040
4.55719320
4.57264600
4.55602080
4.57186680
4.55017580
4.55312140
4.53765340
4.56536120
4.55236340
4.53850560
4.54460240
4.53716400
4.55652960
4.55694100
4.55982800
4.55480940
4.54633680
4.55366860
4.54375420
4.56619460
4.54432740
4.57588740
4.56784180
4.57373820
4.56941300
4.56440100
4.56834860
4.57848980
4.57338980
4.56568600
4.57660140
4.57429240
4.57182860
4.57661780
4.55081460
4.56093240
4.56044020
4.54518720
4.55556200
4.54068400
4.54969500
