8.05813650
5.28525567
5.21916533
5.22483867
5.19925350
5.21271700
5.16425750
5.18006967
5.16025033
5.18073333
5.16283600
5.19285383
5.16867150
5.19536017
5.19130517
5.17952917
5.18265700
5.18510017
5.15891650
5.20191183
5.18563300
5.21205867
5.18194800
5.19921667
5.18701500
5.20588917
5.18158917
5.20000133
5.18999217
5.19287817
5.20850567
5.20447050
5.21877167
5.21187817
5.18577800
5.21873967
5.21347883
5.20718283
5.18124000
5.20049650
5.20184867
5.19701817
5.17914867
5.20689733
5.20996617
5.20196567
5.18017300
5.18677350
5.19840383
5.21580600
5.17765050
5.20413317
5.18860383
5.19620317
5.18105233
5.18847500
5.18896750
5.16566333
5.15360333
5.16192183
5.15400617
5.18143367
5.16304583
5.18617867
5.16945650
5.18472850
5.17335083
5.17618483
5.17220467
5.18130917
5.15278883
5.17333917
5.20341100
5.18255550
5.16166250
5.15410833
5.16796133
5.19567100
5.16365733
5.18961233
5.18269050
5.18084817
5.20261883
5.20773950
5.17009983
5.23227433
5.17348767
5.19294150
5.16114650
5.21057483
5.18177367
5.19438283
5.20650033
5.19591017
5.16782683
5.20250417
5.18993950
5.20960633
5.21980433
5.21907967
5.17416567
5.21862700
5.17948000
5.19660633
5.21936633
5.23083767
5.20259600
5.20360933
5.19325433
5.22334983
5.17363417
5.21093533
5.18485033
5.20716800
5.20005167
5.18941233
5.17344000
5.21623933
5.17201267
5.21018300
5.18039250
5.18894317
5.14810383
5.18816033
5.17301300
5.18976767
5.16693717
5.18273433
5.17241500
5.19953200
5.17229467
5.18816717
5.19075550
5.20473450
5.17134450
5.18347750
5.28608217
5.24179717
5.23184450
5.20846250
5.17709800
5.18923883
5.16659483
5.20988083
5.16910217
5.20115283
5.17569683
5.23140950
5.20747600
5.23105950
5.19136983
5.21701000
5.19171900
5.23818167
5.21730083
5.20872067
5.18392900
5.20204200
5.19369483
5.20055133
5.21181683
5.24499517
5.19964883
5.22907950
5.19763183
5.24234667
5.19486383
5.21404700
5.19359900
5.24922783
5.19298783
5.20513783
5.19941333
5.21413350
5.19899900
5.19487900
5.19580967
5.22401433
5.20802317
5.21002050
5.18508133
5.22117683
5.20623417
5.21775483
5.19645333
5.18093933
5.18639617
5.17699750
5.17249983
5.17226350
5.18232083
5.16477433
5.16613550
5.18553950
5.17064100
5.21035200
5.17056100
5.16834683
5.18084817
5.18556283
5.16170317
5.16561917
5.17171683
5.16718933
5.15798300
5.17868833
5.14617700
5.18054050
5.17096017
5.17658550
5.15938600
5.22074217
5.20185233
5.21526083
5.18855983
5.19826550
5.21731883
5.24868650
5.19514033
5.21209150
5.20706083
5.24519617
5.20515067
5.23570633
5.21971833
5.26072683
5.23086967
5.25077183
5.23046350
5.23795083
5.26105350
5.21634833
5.20756150
5.21599750
5.20377150
5.20872283
5.20447767
5.22691600
5.18724683
5.21074167
5.20467133
5.22118617
5.19548750
5.20956450
5.21369650
5.20675333
5.21895017
5.20572533
5.18953567
5.18092800
5.16343233
5.21108967
5.18520317
5.21398133
5.17234617
5.21710767
5.20850350
5.20090500
5.19034717
5.20715250
5.20450733
5.22491183
5.17340067
5.19374567
5.18216333
5.21932733
5.15748983
5.18626883
5.16607183
5.17974150
5.16529267
5.19848583
5.18775150
5.22141067
5.18404317
5.23247917
5.18787683
5.25701033
5.19984317
5.21204933
5.19761033
5.22266417
5.19964000
5.22169383
5.21638000
5.22960567
5.22736833
5.23031850
5.22543633
5.23922433
5.19433183
5.26050533
5.21590133
5.22713083
5.19115783
5.25188117
5.19130133
5.22496433
5.20963283
5.20561700
5.18963250
5.21243233
5.19238550
5.20417383
5.20661267
5.24319067
5.22857250
5.20324650
5.18931600
5.20222617
5.19866450
5.21474317
5.23357967
5.20646100
5.22152250
5.22751583
5.22492867
5.25482467
5.20642217
5.21952400
5.21862800
5.21730083
5.21489717
5.20693917
5.23465017
5.20602233
5.17958350
5.19008167
5.21473400
5.19431867
5.19509500
5.18913617
5.18844683
5.19845983
5.20731833
5.22281183
5.21397500
5.19698950
5.18023917
5.19063300
5.19187333
5.23029467
5.18529083
5.21549633
5.19972217
5.23661050
5.23101483
5.20694533
5.19520117
5.19858117
5.18648950
5.20918283
5.22545167
5.26807350
5.20078667
5.21938850
5.19293800
5.21457350
5.21111233
5.19940983
5.18869150
5.22267633
5.22321400
5.20845050
5.22430733
5.22058250
5.18751817
5.20708350
5.18157417
5.22095333
5.18459300
5.19229133
5.17068100
5.21194700
5.19687100
5.20143317
5.19420267
5.20914433
5.18980167
5.17801617
5.17448467
5.19535833
5.17382817
5.18520417
5.19919483
5.21887283
5.16593000
5.23345067
5.17781983
5.18018117
5.15748383
5.19034833
5.16350650
5.20283900
5.15271550
5.17122867
5.17406867
5.22153067
5.19155933
5.19958533
5.18929333
5.22032850
5.20307817
5.18899550
5.21667517
5.21450150
5.20900600
5.19668700
5.18439317
5.24103817
5.23393917
5.21986867
5.18132750
5.19865350
5.18819000
5.21459050
5.21242067
5.24351200
5.19975717
5.27780767
5.20622217
5.21016833
5.18499483
5.20721033
5.21028383
5.19815600
5.19545767
5.19457300
5.21587567
5.22399933
5.20632300
5.21002017
5.21992400
5.23319967
5.18819683
5.18608567
5.16948850
5.22582517
5.20374517
5.22430567
5.19386967
5.21224833
5.17692450
5.19771650
5.18421433
5.19327017
5.19256767
5.18340650
5.17686217
5.21255667
5.20489367
5.23154950
5.21174917
5.20402600
5.17874900
5.20781183
5.17719950
5.20595500
5.17650583
5.17674617
5.17294767
5.22527433
5.18041800
5.20107467
5.18681467
5.23394867
5.17509533
5.22499033
5.19327683
5.21279083
5.21434033
5.22231000
5.20564933
5.20631217
5.19383467
5.18359400
5.18643933
5.20924833
5.19397417
5.19036617
5.17407267
5.21136400
5.18038367
5.21441717
5.18892933
5.21581583
5.17673583
5.23065883
5.16957367
5.18877750
5.16229067
5.18399333
5.16957617
5.20432367
5.17235100
5.18766167
5.17908067
5.17870933
5.18017950
5.17250117
5.17993083
5.18776400
5.17232083
5.20446083
5.16175750
5.17114967
5.17741650
5.17420983
5.15145117
5.18423933
5.16458750
5.17041467
5.17253283
5.18801950
5.15578017
5.18842017
5.18607300
5.18048767
5.18462467
5.17710583
5.16059300
5.18629983
5.15260333
5.17244650
5.16313667
5.19875233
5.17432317
5.20359700
5.16782400
5.18591200
5.16361917
5.17622367
5.17394450
5.19025100
5.18214983
5.20555317
5.17129717
5.22511633
5.17018733
5.19805800
5.18352717
5.18590933
5.18300633
5.19357583
5.21487183
5.23847217
5.19267667
5.22223933
5.19708567
5.20345300
5.17863967
5.20220667
5.20675133
5.19861750
5.19516433
5.18638133
5.20850100
5.19409833
5.19046883
5.20067883
5.16084450
5.22158667
5.16440517
5.18515217
5.16896350
5.19299467
5.18586933
5.18827500
5.20507833
5.16152100
5.16944250
5.15145783
5.14903833
5.18073267
5.17767950
5.15402583
5.16664333
5.18952450
5.16518933
5.17444550
5.16001483
5.16756950
5.18815733
5.17560583
5.16077867
5.19104483
5.19824383
5.17025083
5.19252300
5.21612033
5.16738367
5.18353983
5.18647917
5.20211267
5.18347633
5.20925550
5.18775633
5.20636333
5.20965383
5.21164717
5.19106167
5.21141083
5.22107717
5.21268950
5.17703050
5.23334767
5.20521883
5.23169417
5.20491600
5.22402117
5.19850617
5.21776767
5.21805350
5.22918317
5.20065450
5.23478667
5.20407383
5.21739150
5.18355483
5.21612533
5.20063367
5.25358983
5.18360833
5.21358550
5.18718417
5.21405850
5.19110650
5.20623667
5.19002017
5.21376683
5.21558483
5.20597483
5.21387450
5.21819483
5.17043683
5.17554833
5.20768083
5.18750283
5.18024267
5.18051400
5.19687150
5.20041000
5.16502833
5.19936283
5.18714183
5.20565650
5.17466267
5.20150650
5.17008517
5.20248750
5.20215000
5.20649817
5.18045000
5.18972833
5.17723800
5.19205450
5.18684800
5.19474400
5.18018200
5.23320017
5.18256183
5.19812467
5.19349517
5.22421267
5.19244200
5.21467900
5.20274283
5.20693667
5.21323800
5.20663083
5.19445383
5.22121500
5.21610250
5.24594617
5.23880767
5.25696200
5.21074417
5.25510400
5.22840300
5.24676300
5.19539267
5.24260617
5.21624750
5.21619800
5.21430567
5.22096483
5.16867983
5.20333633
5.18023700
5.24000000
5.20602050
5.22607783
5.20876500
5.23796617
5.22089150
5.23449767
5.23344550
5.21047967
5.20589983
5.21322800
5.21655417
5.23807100
5.21252967
5.19804583
5.20542800
5.22782267
5.24804367
5.23869017
5.24058800
5.23222167
5.20754433
5.23777983
5.20948433
5.22644750
5.20726317
5.20460200
5.20037417
5.25112417
5.19304217
5.21632400
5.20912667
5.23671683
5.19057217
5.23397300
5.20958833
5.22629267
5.22221233
5.22516133
5.19709900
5.21226783
5.20749700
5.23549900
5.20335200
5.21946483
5.18662700
5.20936600
5.19591400
5.20600467
5.18910717
5.21183883
5.18437650
5.21640550
5.18896100
5.23654467
5.19103583
5.21387467
5.18314867
5.22239117
5.18309550
5.19362350
5.17688583
5.19503667
5.19251483
5.22187383
5.18860033
5.21719200
5.18085567
5.18640883
5.17889600
5.19180883
5.17514733
5.19824167
5.15534217
5.16665117
5.15704833
5.20052317
5.16120250
5.16109950
5.17380800
5.19034850
5.16302467
5.18962117
5.15311783
5.18502850
5.16114067
5.17098983
5.15597633
5.20561450
5.15605950
5.18775217
5.15535633
5.18624900
5.15177517
5.17989150
5.16931150
5.21166717
5.16539600
5.19247133
5.18137383
5.20640967
5.19872233
5.18347200
5.19852717
5.20775567
5.20723450
5.19636167
5.17530350
5.21504583
5.17910733
5.19345500
5.20041500
5.20639067
5.18770033
5.21011350
5.18204467
5.19815833
5.18226150
5.19623683
5.17279633
5.20744367
5.20134167
5.18633050
5.18986817
5.20406817
5.15435383
5.20349433
5.18125833
5.18671917
5.20047383
5.17303833
5.17217500
5.19902017
5.17874167
5.17902117
5.19581550
5.16925317
5.18170000
5.17367400
5.16051483
5.20394417
5.14871550
5.15891567
5.16101233
5.21566450
5.17644233
5.19690850
5.16453383
5.19957333
5.16025667
5.18881567
5.16608183
5.19972883
5.15593983
5.16763700
5.16905350
5.19469700
5.18570983
5.17481217
5.17607017
5.18883800
5.16862367
5.21146883
5.18325567
5.20919767
5.18256817
5.18505833
5.18223900
5.19501150
5.18824717
5.21756000
5.20887400
5.20040483
5.19251817
5.19117383
5.22355817
5.23250300
5.20098317
5.20319483
5.18830617
5.21342017
5.17750050
5.20414417
5.17087717
5.20239950
5.21302517
5.21601517
5.17646983
5.19995200
5.17287600
5.19173433
5.17084767
5.20292500
5.17776350
5.19589800
5.18533767
5.20674167
5.19995183
5.20575783
5.19066167
5.20163133
5.17300583
5.18324483
5.20110400
5.21968350
5.19811317
5.17202867
5.16147567
5.19811150
5.22151650
5.20787450
5.18395217
5.20644517
5.19012500
5.19252683
5.18393983
5.22165233
5.17315833
5.19248417
5.20817350
5.19959867
5.19956033
5.19869467
5.17505600
5.19311050
5.17538583
5.18850517
5.20044017
5.21969567
5.21902217
5.20869867
5.18144517
5.22750800
5.22173850
5.21710167
5.21155783
5.19366000
5.18567567
5.21885950
5.21211383
5.23028050
5.22001567
5.23690550
5.20480967
5.22790217
5.18858683
5.22249050
5.20606933
5.21202017
5.18380233
5.19708967
5.18069867
5.23104333
5.15969300
5.21090217
5.19386867
5.17924217
5.18256783
5.19415450
5.15968050
5.18266317
5.16906067
5.21075517
5.20106417
5.18292500
5.15798383
5.17310767
5.15365300
5.19346083
5.15890783
5.18008433
5.17138850
5.18294600
5.19145767
5.17808467
5.15926217
5.18367950
5.17397867
5.20583800
5.16933883
5.17171500
5.16419783
5.18664367
5.16711833
5.19218383
5.16326233
5.21012400
5.17751767
5.21965133
5.17774517
5.21607700
5.17921200
5.23641167
5.18686167
5.21762283
5.20010217
5.23265650
5.18916233
5.20952033
5.19798283
5.19788183
5.18645117
5.20278267
5.20061867
5.21914817
5.20035633
5.21098017
5.19861567
5.21071800
5.17719167
5.25380400
