7.65164943
6.44539186
6.30554229
6.26680729
6.27912257
6.28164386
6.24509314
6.25466157
6.26783000
6.25864571
6.26016686
6.25622071
6.26940714
6.26851657
6.26172829
6.26809357
6.27969014
6.27301386
6.26160929
6.27446971
6.26568529
6.36429643
6.32170086
6.25801971
6.30677314
6.27001557
6.29590871
6.25961357
6.24920029
6.24521771
6.24686271
6.25279914
6.25997986
6.26491743
6.28110786
6.24219829
6.24475086
6.26617371
6.26206386
6.25119429
6.25577871
6.24620429
6.26607457
6.25624971
6.25117329
6.27096429
6.26895086
6.25065257
6.27129500
6.27545643
6.27784686
6.27155271
6.27216543
6.27037786
6.26091186
6.24923000
6.26716829
6.26769100
6.26777186
6.26544814
6.25812957
6.24614271
6.25026586
6.25315429
6.26530657
6.27154771
6.25280829
6.25564257
6.25340200
6.24845657
6.25966771
6.23850286
6.25556543
6.25871243
6.23946371
6.25576200
6.26154986
6.25767700
6.25689386
6.25819657
6.27001371
6.26183857
6.26256429
6.27715114
6.26051814
6.24306629
6.23484843
6.28582629
6.24832271
6.24323143
6.24212329
6.25647014
6.26041671
6.28402871
6.29179143
6.27154871
6.26154971
6.26558029
6.26486071
6.26807771
6.26744714
6.26179514
6.24606800
6.25158700
6.25994171
6.25495486
6.25185186
6.24498143
6.26176814
6.25526343
6.26779543
6.26984414
6.26111757
6.27864714
6.28294000
6.29172757
6.27270500
6.27044943
6.27369371
6.25451614
6.25583071
6.27299171
6.25123714
6.26351329
6.25127829
6.25723486
6.26490671
6.25749357
6.26712971
6.26408900
6.27415414
6.26998586
6.25575743
6.23795414
6.23525257
6.22130800
6.23651243
6.22977986
6.23047957
6.25259986
6.25480114
6.26022300
6.24730500
6.25538157
6.26898057
6.25601771
6.27542186
6.26924343
6.25257771
6.25866500
6.24902643
6.24869614
6.24627914
6.24545200
6.27519614
6.22986814
6.22862371
6.22587357
6.22428100
6.25592586
6.25955071
6.26656500
6.26700643
6.27052700
6.26906343
6.26314471
6.25279357
6.24065300
6.24698214
6.24312800
6.27162386
6.24080557
6.25367729
6.27937714
6.25306357
6.24923414
6.27071471
6.24463629
6.27028429
6.26768786
6.26393571
6.26360414
6.26044171
6.25575000
6.24914471
6.22446414
6.24518271
6.23682629
6.23346700
6.24138771
6.21483443
6.25087900
6.25852586
6.23894729
6.24065571
6.24029714
6.26622857
6.25686129
6.25088300
6.26074914
6.26056857
6.25339014
6.23846771
6.25310957
6.25144286
6.26650100
6.26824200
6.27037786
6.25821957
6.25692343
6.27795943
6.27611657
6.25795986
6.25823329
6.26199429
6.25736986
6.26223386
6.24105643
6.25745443
6.26360586
6.24116429
6.24266429
6.24936900
6.24737471
6.25882614
6.25771257
6.24713143
6.25854657
6.23706729
6.26093529
6.27033629
6.24700871
6.23294486
6.24092229
6.25234829
6.28658786
6.25145686
6.26345157
6.24374686
6.26671114
6.26157186
6.27074800
6.27977329
6.28502743
6.27037943
6.26770786
6.26164357
6.27667443
6.26217986
6.23850271
6.27135571
6.26482043
6.28006143
6.26618857
6.25133271
6.25682286
6.28064414
6.26940000
6.26072657
6.25217214
6.21918586
6.21959100
6.23532714
6.25279071
6.22475371
6.22996786
6.23375400
6.22048157
6.25614457
6.23886271
6.25349671
6.23443186
6.24671986
6.25021757
6.24169529
6.25396643
6.23674814
6.23772300
6.23643314
6.22944386
6.23180929
6.24784943
6.23836671
6.27081329
6.25320800
6.23882071
6.24376229
6.25536357
6.25365571
6.25567457
6.27070129
6.27081000
6.25530129
6.24476014
6.25184086
6.24168286
6.24844500
6.25076129
6.25725814
6.24668657
6.26375671
6.24899214
6.25551386
6.25378214
6.28500814
6.26679057
6.27773129
6.27615129
6.26868114
6.27747100
6.25901000
6.24876671
6.25631643
6.23451071
6.25767800
6.26141471
6.24916629
6.26136086
6.24372471
6.24889143
6.26748300
6.27306257
6.26557386
6.26965200
6.24815729
6.25231343
6.24210486
6.23510100
6.25329629
6.24335614
6.24793757
6.25892500
6.25953071
6.27985543
6.26277857
6.26178843
6.26245157
6.25724571
6.26426943
6.26206986
6.26228814
6.28158200
6.25222129
6.25759129
6.27008000
6.25552571
6.25346086
6.25524629
6.25996757
6.25616043
6.26662014
6.27049114
6.27174557
6.26027314
6.25966400
6.28030957
6.25154386
6.26259786
6.25989471
6.25185957
6.25999829
6.24251157
6.24439286
6.24362986
6.25358329
6.26659971
6.25707971
6.26644886
6.26706914
6.26318343
6.27521229
6.26521457
6.25480314
6.26033629
6.26318143
6.26472700
6.24887157
6.23318029
6.25115129
6.25931357
6.25559200
6.25314943
6.25864443
6.28815129
6.26378300
6.27173129
6.27307514
6.25801900
6.27372529
6.25956029
6.24544614
6.23144757
6.25017100
6.23905500
6.25636186
6.25161700
6.25493529
6.25964957
6.26941186
6.25806800
6.27336886
6.27642314
6.27750271
6.29267143
6.26705400
6.27319000
6.27238271
6.24945214
6.24939143
6.26129343
6.24956843
6.25755529
6.23645429
6.26270743
6.26634957
6.25852143
6.26582771
6.27013786
6.27355871
6.25570300
6.25384443
6.25985800
6.24607100
6.25412971
6.23950243
6.25627957
6.24482329
6.25195729
6.27290671
6.26851043
6.25302929
6.25805914
6.27712057
6.27088957
6.27077729
6.27672929
6.26095871
6.26837143
6.26566471
6.26333186
6.24696157
6.26692000
6.25433643
6.24847914
6.24790943
6.27555014
6.25459357
6.26163229
6.27052157
6.26576271
6.26914986
6.29015186
6.25897043
6.25912314
6.25252386
6.25219429
6.23856214
6.25091843
6.24616257
6.24500971
6.24585471
6.25711843
6.26079057
6.26756743
6.25347829
6.26328714
6.27297443
6.27567343
6.24430329
6.25642571
6.25508471
6.25734843
6.24968943
6.25334757
6.25444557
6.24977657
6.23758200
6.25349514
6.24656771
6.25033614
6.25666529
6.27548071
6.27245243
6.28841414
6.27202071
6.23289829
6.26524086
6.25911814
6.25168529
6.25941943
6.27205343
6.25563671
6.25116329
6.26180714
6.27118857
6.25908871
6.27281071
6.25632743
6.26156243
6.25862157
6.27695857
6.30786729
6.26534200
6.24972271
6.24982643
6.26086257
6.24776114
6.25357457
6.25576871
6.26341857
6.24639429
6.25834986
6.26443371
6.26841514
6.25920086
6.26796043
6.25661529
6.26175000
6.24023986
6.24975343
6.23742600
6.24290543
6.25226129
6.25123900
6.27265529
6.26297643
6.26855686
6.25546057
6.26916057
6.26990543
6.26052957
6.27524200
6.27293586
6.26798043
6.24906914
6.24709743
6.26252729
6.25169271
6.26232857
6.25636271
6.26015443
6.24587800
6.24752643
6.26227871
6.24786443
6.27377886
6.27937486
6.27207357
6.25987971
6.25260157
6.23946129
6.26112071
6.26526343
6.23546129
6.22855429
6.23179429
6.24677843
6.22603857
6.25406514
6.26283457
6.27759843
6.26189900
6.27331100
6.28857929
6.26278529
6.26517200
6.26160871
6.26215214
6.26895671
6.26102671
6.26321600
6.26219314
6.25415157
6.25202100
6.26271214
6.26713514
6.27282100
6.27734186
6.28691214
6.27141843
6.25870314
6.26147971
6.25665414
6.24978200
6.23842343
6.25373114
6.25240414
6.25739029
6.27188571
6.27556386
6.24805729
6.25690300
6.27786543
6.25677186
6.27467757
6.27305514
6.24143600
6.27230757
6.26522114
6.24893814
6.23906029
6.25654271
6.24921457
6.24426443
6.23742600
6.25809571
6.25499986
6.27612386
6.25737100
6.30843786
6.26594071
6.28275400
6.25892757
6.26383243
6.23955314
6.24366414
6.25527429
6.27135514
6.26335586
6.24928943
6.26237629
6.26462571
6.27403314
6.27664886
6.27622971
6.25412443
6.25503000
6.26886171
6.24924586
6.26854957
6.26565043
6.24793086
6.24135029
6.25191343
6.26528600
6.25934586
6.25538571
6.25522543
6.24491286
6.25674829
6.27008971
6.27362386
6.26561300
6.26833429
6.25796643
6.25729957
6.25150971
6.25565814
6.23518600
6.26618200
6.24982471
6.24321557
6.26255686
6.26178371
6.27339757
6.28685343
6.27715400
6.25337086
6.26636843
6.27506486
6.25375957
6.26425557
6.26442514
6.25512871
6.26266571
6.23627800
6.25150029
6.27299029
6.25605243
6.26095100
6.26533129
6.26526157
6.26421186
6.27296500
6.26684286
6.26848386
6.25084871
6.28924386
6.26118386
6.25572257
6.24932400
6.26365071
6.25694614
6.24558757
6.25550171
6.26188886
6.26761200
6.27382571
6.24789057
6.27151086
6.27400843
6.26927129
6.26168329
6.25603443
6.27996357
6.25296786
6.25061614
6.25501286
6.25101543
6.26335257
6.25133357
6.25143700
6.24747686
6.25768986
6.26096529
6.25943257
6.27026871
6.27720014
6.24520471
6.23503314
6.25613157
6.24791800
6.25303300
6.26638386
6.24231100
6.25966986
6.26170500
6.27276643
6.25606757
6.24366257
6.28646143
6.27073986
6.26879729
6.25644829
6.26668214
6.27671029
6.25482657
6.23941614
6.25307771
6.24284400
6.26056143
6.25753800
6.23783557
6.27064286
6.27962943
6.26663214
6.25495614
6.28549871
6.27273457
6.28351571
6.26833586
6.25847357
6.25515100
6.25833557
6.25770257
6.25263286
6.26219043
6.26310871
6.25664471
6.27245314
6.27141471
6.26557686
6.25647457
6.26245629
6.28151157
6.27995357
6.25745829
6.26319129
6.26162243
6.25900500
6.24982929
6.25772429
6.25579071
6.24504914
6.24793071
6.26024986
6.25165800
6.25794871
6.26419357
6.28063714
6.28250000
6.26684843
6.27028414
6.24939986
6.23377586
6.24103814
6.22950371
6.23518914
6.23223486
6.22478886
6.22459643
6.25498557
6.24588557
6.22540929
6.22376786
6.22688443
6.22809729
6.22453929
6.21127886
6.21867057
6.23284457
6.23370386
6.21264614
6.20962300
6.23425686
6.23544914
6.21653429
6.22369986
6.21473914
6.20980143
6.22528357
6.23702929
6.25447743
6.24614443
6.23447857
6.24344500
6.23781457
6.23231271
6.23153457
6.23310643
6.22816143
6.24774229
6.24262114
6.22516400
6.24552957
6.25863357
6.24130529
6.22725671
6.21928357
6.23811786
6.29089029
6.32815814
6.26433914
6.30613129
6.22926357
6.24252286
6.23798671
6.25618843
6.25067357
6.25106657
6.25853514
6.25748114
6.26028143
6.27404314
6.27750971
6.27612657
6.25529429
6.24694943
6.24187457
6.24274743
6.25305957
6.24729743
6.24768829
6.26085971
6.26303757
6.26717500
6.25074671
6.26929000
6.26636886
6.25614486
6.29601486
6.27722229
6.27071786
6.26085371
6.27235429
6.25628871
6.24629029
6.25507114
6.25739614
6.25681929
6.25634257
6.26321071
6.25067729
6.24748171
6.26198943
6.25651200
6.26534171
6.25595643
6.26190000
6.26350386
6.24921457
6.24350971
6.23393429
6.23715214
6.25731614
6.25523357
6.27451300
6.27263114
6.27213543
6.27012014
6.27089457
6.28277500
6.27338971
6.26951657
6.26004014
6.26661943
6.26866486
6.25567286
6.26229843
6.25255386
6.26571686
6.26535914
6.26651029
6.27726214
6.25155400
6.26001157
6.26650214
6.26198757
6.25333400
6.26537671
6.24463529
6.25175271
6.26430257
6.24843014
6.28254671
6.25360943
6.27416000
6.29123071
6.26693286
6.28240171
6.27606829
6.28675386
6.28382443
6.25224686
6.27099286
6.26610829
6.24756071
6.25275471
6.27036571
6.25630914
6.24437729
6.25669571
6.26379229
6.26564957
6.27508286
6.26848743
6.28809971
6.28464486
6.30393971
6.27785486
6.28449229
6.29157543
6.26769829
6.28967557
6.26347886
6.26476900
6.26491071
6.27041986
6.27126929
6.25412986
6.27775443
6.29660300
6.27628686
6.27518700
6.29646600
6.26982286
6.29019214
6.28013543
6.26890000
6.27331900
6.26264443
6.26999900
6.26029129
6.26505786
6.27137114
6.27719043
6.27259900
6.26919943
6.27925729
6.26985643
6.27151900
6.28185186
6.28214029
6.28216286
6.27854814
6.26791171
6.26997243
6.26446943
6.26897314
6.25618643
6.27706386
6.27232786
6.28744100
6.28807886
6.29199671
6.27284314
6.24865729
6.27573671
6.28720400
6.27263671
6.27030171
6.26230343
6.27365914
6.24658929
6.23903429
6.25626286
6.24432086
6.25009800
6.24982186
6.26091657
6.22977271
6.25152257
6.25941357
6.25374786
6.24694429
6.25978057
6.25991057
6.25442429
6.24170629
6.26654886
