8.19287313
6.97336225
6.79543675
6.89672362
6.78487675
6.78597650
6.79355475
6.78906800
6.78633162
6.78452900
6.79750562
6.79766363
6.79135450
6.78606175
6.77929088
6.80575487
6.81352613
6.76769500
6.77036688
6.80751275
6.78617813
6.82288650
6.79331937
6.78183200
6.76620450
6.77249850
6.77004675
6.76159487
6.72003050
6.78992063
6.74735250
6.78304625
6.77701975
6.76928288
6.72627963
6.75885787
6.75436438
6.78165850
6.73630825
6.78672875
6.74870663
6.77278275
6.75096787
6.78522812
6.77063550
6.78491525
6.76675325
6.81107850
6.78326438
6.80761375
6.76133200
6.81148437
6.74681650
6.79610262
6.77948237
6.79652438
6.77480037
6.79415112
6.79213175
6.77324100
6.74878538
6.79226988
6.75340462
6.77635088
6.79395525
6.78157812
6.79814462
6.79562575
6.76364212
6.78935062
6.75746325
6.78433250
6.78945662
6.78688188
6.76889513
6.79656975
6.75885237
6.79416025
6.79146250
6.80624600
6.78211125
6.77543438
6.76411325
6.79518650
6.79409050
6.77773075
6.78723125
6.78002938
6.76774762
6.79942250
6.76632075
6.77824613
6.75746513
6.76093737
6.76359750
6.78486375
6.75857137
6.76818525
6.76156350
6.75920337
6.74763675
6.76711650
6.76588113
6.79363175
6.74003625
6.78711775
6.81351175
6.81575400
6.79447925
6.84746325
6.75908837
6.78938187
6.78980375
6.80994925
6.78004950
6.79413025
6.77922300
6.77104475
6.82025525
6.80392288
6.77725913
6.78795737
6.77672525
6.78229813
6.74924262
6.78579275
6.78655787
6.76025400
6.76628700
6.79674800
6.81297213
6.79520763
6.77612688
6.78238725
6.78897950
6.81431950
6.79823475
6.80812338
6.77674625
6.78512737
6.75748900
6.80577888
6.78577863
6.79908138
6.78015325
6.78337487
6.77224212
6.79072550
6.76906350
6.78581712
6.78022450
6.79426713
6.76015850
6.78379250
6.76435737
6.77404975
6.77826063
6.77827800
6.75422837
6.77283387
6.77324788
6.77309388
6.76300175
6.76004375
6.75836675
6.77567013
6.77217588
6.78500162
6.75869413
6.77804637
6.76932275
6.77904238
6.78599675
6.77684238
6.78025700
6.80653137
6.77417612
6.77985850
6.78278275
6.78837963
6.77237913
6.77468213
6.79165200
6.79686788
6.76320487
6.79410875
6.75651087
6.76105500
6.76885800
6.76592300
6.76312350
6.78907725
6.77696350
6.79195625
6.78708400
6.79049287
6.76606812
6.78936950
6.76589087
6.79400450
6.77766537
6.79994425
6.77136625
6.81900925
6.78355175
6.77523988
6.78547250
6.79971025
6.78431250
6.74633875
6.74918525
6.76673050
6.76584387
6.80702113
6.77584638
6.79209750
6.77816525
6.77993875
6.75505788
6.75247525
6.74055112
6.75726462
6.75477037
6.77169400
6.74845363
6.75984463
6.78011925
6.78017362
6.77677637
6.80168025
6.77475887
6.81932225
6.77104725
6.80040637
6.78297063
6.81604763
6.79550113
6.80936300
6.79782150
6.78751263
6.77938288
6.79915412
6.75868875
6.79561200
6.77102012
6.80235662
6.77512050
6.81176813
6.77554038
6.78028138
6.74944613
6.75478425
6.75269537
6.77278050
6.76975300
6.78808675
6.78538738
6.80061100
6.79348525
6.79900287
6.76628875
6.77155112
6.77498525
6.76750800
6.76180513
6.77646338
6.75932063
6.78098375
6.77343188
6.79177875
6.77403350
6.79589625
6.76749675
6.78290138
6.76253150
6.78178100
6.75975937
6.84454075
6.76923512
6.77039800
6.76175262
6.76754413
6.75513600
6.75764100
6.78146812
6.77020762
6.79611038
6.79993150
6.76582538
6.77061512
6.75932338
6.77805537
6.79407538
6.78918875
6.80637537
6.81613412
6.78436838
6.79341900
6.79457188
6.81279562
6.77615312
6.81334375
6.77436625
6.84679138
6.78900775
6.80700987
6.76162562
6.81435062
6.77708850
6.81235050
6.78684463
6.80300150
6.78223400
6.79805537
6.77981537
6.78639462
6.79602500
6.79636613
6.79816213
6.80368550
6.77699213
6.80213900
6.79307250
6.79782963
6.78845000
6.80794137
6.79180987
6.80820975
6.78646388
6.81444100
6.80967075
6.78967000
6.77539588
6.81168025
6.81723037
6.82179200
6.82064250
6.81189325
6.78877325
6.80531625
6.78383013
6.80320462
6.77942612
6.80063063
6.76311100
6.79734850
6.76102013
6.75419262
6.75586525
6.77971450
6.75037750
6.75538138
6.76697662
6.78195825
6.74384325
6.77645650
6.76817962
6.78109362
6.76020100
6.78189463
6.75672475
6.78808375
6.77221012
6.80637838
6.77062538
6.80458300
6.78019825
6.80517513
6.80734587
6.80384637
6.78969675
6.80077538
6.77175450
6.82116750
6.78195850
6.82062625
6.78323250
6.81211188
6.78076875
6.80896662
6.78169900
6.82294125
6.76174875
6.78359300
6.76452388
6.79797238
6.77983575
6.80007413
6.78947000
6.79103463
6.78449687
6.80662438
6.77864875
6.80524850
6.78148550
6.80256637
6.80147775
6.81304987
6.78414200
6.81151575
6.78122263
6.78514487
6.78663775
6.78779225
6.77806038
6.77086013
6.75668200
6.78564300
6.74861675
6.77927237
6.76489687
6.77946375
6.74123725
6.77931550
6.76947262
6.78378537
6.76692975
6.79266188
6.76071675
6.76439288
6.76188800
6.78707575
6.77885250
6.81156600
6.76283950
6.79004525
6.77878150
6.81027275
6.78505612
6.79402575
6.76742625
6.81433725
6.77270975
6.79644013
6.79018900
6.79738738
6.76645525
6.79774875
6.77562325
6.80553875
6.78155350
6.78987075
6.78098762
6.75730450
6.76513037
6.77642138
6.76456875
6.77234375
6.78149850
6.78949500
6.77950462
6.80737688
6.83262637
6.79003712
6.80407788
6.79495313
6.79996750
6.80633937
6.78914887
6.78896962
6.77420913
6.80807650
6.78459937
6.80022313
6.79505087
6.76002000
6.76906662
6.79562313
6.78896538
6.79151925
6.79574538
6.78294337
6.77563225
6.77951112
6.77032563
6.81842337
6.77064000
6.78432988
6.74269675
6.77906425
6.77096587
6.78546387
6.76665375
6.77250162
6.76982075
6.78971950
6.75899413
6.78434762
6.77264225
6.79336425
6.80378875
6.84114025
6.80622600
6.81022538
6.77826575
6.81253913
6.81676938
6.79497250
6.78213300
6.81583487
6.78083550
6.78797288
6.76512512
6.81053825
6.78733300
6.80152425
6.77381125
6.80538713
6.78125912
6.81449838
6.78672487
6.80521575
6.80280475
6.81754850
6.93242513
6.85146462
6.78159937
6.79491562
6.81495887
6.80894037
6.80627963
6.81230313
6.80596612
6.81566912
6.82841400
6.81731175
6.81127187
6.83587513
6.82427775
6.80482163
6.78209137
6.85015075
6.82053850
6.81115600
6.81593312
6.79802075
6.80371125
6.82000575
6.77438037
6.79012112
6.80762600
6.81782687
6.76756813
6.79228013
6.76049338
6.80163562
6.79081412
6.78995688
6.78419400
6.81932525
6.78628413
6.79629250
6.77304512
6.82291750
6.79738225
6.79980838
6.78315400
6.81605175
6.80409437
6.81233375
6.82226125
6.81288525
6.79566000
6.78733963
6.79344462
6.81412288
6.78281012
6.82233325
6.77748350
6.81715425
6.78600825
6.79961775
6.80133225
6.78150088
6.78599350
6.79209750
6.77578437
6.81073237
6.79138775
6.79711812
6.79132800
6.79914688
6.79454413
6.78844287
6.78376887
6.80329325
6.78102275
6.78715788
6.78999400
6.81802325
6.78776600
6.82482787
6.80423287
6.78605688
6.78490925
6.78931838
6.78654550
6.77444025
6.78877925
6.78767387
6.78338788
6.79211125
6.76982138
6.77687325
6.79525612
6.77575675
6.86189113
6.81371900
6.76441013
6.78945975
6.75420300
6.78599813
6.75341775
6.78861063
6.79264950
6.79344513
6.74952100
6.79476700
6.77854900
6.80859725
6.77891750
6.81301887
6.77775950
6.79422137
6.80514025
6.81498350
6.78238700
6.82135437
6.80152225
6.83902525
6.80555725
6.82244887
6.79919638
6.79316350
6.77837900
6.79727875
6.76813637
6.82354162
6.83260200
6.78686463
6.77618600
6.82052150
6.80860250
6.80553087
6.81028250
6.78529150
6.78305213
6.79206537
6.79280400
6.80984700
6.80132025
6.79354988
6.80399150
6.82698100
6.79719525
6.80880113
6.76432612
6.79436400
6.78639363
6.79670763
6.77977412
6.79372337
6.77542438
6.78611712
6.76982200
6.79300775
6.75507787
6.76381575
6.78525675
6.77856750
6.75966612
6.76585162
6.75040637
6.78975663
6.76177887
6.81929975
6.75333100
6.82068700
6.77906962
6.81337413
6.75547062
6.79992250
6.79439887
6.81634100
6.79392788
6.80796187
6.77892075
6.82139538
6.81315700
6.79352412
6.79373362
6.79614837
6.78126687
6.80808775
6.78409025
6.81036037
6.78998937
6.81936788
6.77993125
6.79314850
6.75379888
6.78800787
6.78336162
6.78663100
6.77828600
6.80568763
6.78662875
6.84957613
6.76171037
6.76742800
6.77575888
6.79916788
6.77392313
6.82626000
6.80910025
6.80641763
6.79550438
6.80800262
6.79198912
6.79788400
6.77500137
6.77468575
6.76768500
6.78320688
6.77420463
6.79784950
6.76285313
6.78944087
6.75176837
6.77547300
6.77183913
6.79498037
6.76385000
6.75709475
6.75590425
6.76390563
6.77891713
6.76578875
6.77073638
6.77494925
6.78740537
6.79319862
6.76828625
6.79951275
6.76823550
6.79899550
6.77998712
6.79807825
6.78363050
6.79923025
6.77322938
6.79059287
6.76759925
6.81906763
6.80691788
6.79337587
6.75580288
6.83220612
6.78302125
6.81223375
6.76518063
6.78354988
6.78678150
6.80351662
6.76103962
6.78724650
6.76709275
6.77284538
6.76382838
6.79700512
6.78346738
6.79771312
6.78407762
6.80768375
6.78150875
6.80765425
6.76658862
6.78510350
6.77769338
6.78130050
6.77717375
6.80563762
6.78840750
6.79783250
6.76805850
6.79279425
6.78634450
6.78606637
6.76076038
6.78825950
6.79138637
6.79811362
6.76560075
6.78190837
6.77038112
6.80349162
6.75513900
6.75883475
6.74377987
6.78092500
6.73893275
6.77367662
6.78521850
6.79269775
6.75645937
6.79988687
6.77224600
6.77779163
6.76055612
6.77613662
6.77689075
6.79710575
6.75420275
6.79764175
6.80271437
6.76970475
6.75717175
6.78543350
6.78140262
6.79091125
6.76039212
6.78404087
6.77182212
6.79829200
6.79665988
6.80422000
6.74813025
6.76897125
6.79324487
6.79200425
6.78193238
6.76863013
6.75645612
6.79281812
6.76599462
6.79311513
6.76458337
6.78271700
6.74326050
6.82135800
6.79078750
6.78923288
6.77409250
6.79898325
6.76766188
6.79719450
6.79904425
6.82591625
6.78410075
6.78773412
6.75572688
6.78471825
6.82330387
6.80142775
6.76993775
6.79721450
6.75989612
6.77649587
6.75251600
6.76225375
6.76122987
6.76260200
6.76279288
6.76811537
6.77879762
6.74710125
6.78169363
6.75355600
6.75808137
6.76214113
6.75382725
6.78868038
6.75831037
6.77194212
6.77100813
6.79778375
6.75885537
6.81931500
6.76159975
6.78509613
6.78299262
6.81514700
6.75414613
6.77362300
6.81028413
6.77240450
6.77218788
6.80392575
6.76797150
6.77496500
6.79579100
6.75551650
6.75643400
6.77804125
6.81199988
6.78814600
6.77404700
6.79813612
6.78920750
6.78001337
6.76315850
6.76362325
6.77615850
6.79837188
6.79646238
6.80085262
6.79450488
6.80571738
6.76909887
6.80392025
6.79901275
6.84592238
6.81694775
6.77586962
6.77606925
6.81456237
6.77980112
6.78716575
6.76695238
6.78347675
6.77888250
6.76792775
6.77156325
6.80883588
6.75464337
6.78393250
6.75374525
6.77428187
6.76478700
6.75631175
6.75260575
6.77856325
6.76347688
6.77623938
6.77020537
6.79255725
6.74236262
6.79938813
6.78075288
6.82693625
6.76743425
6.80326237
6.80462112
6.78578037
6.77610675
6.79127238
6.82485038
6.80073588
6.79003163
6.78991275
6.79573200
6.83875225
6.77121563
6.80828600
6.77268350
6.79645212
6.77995713
6.78039562
6.77358250
6.80806150
6.82955875
6.84290687
6.84629925
6.81473013
6.79299787
6.82527012
6.79540775
6.81155050
6.82490863
6.84435163
6.82661312
6.85213188
6.81512612
6.83701312
6.82345975
6.85344450
6.80031463
6.80768213
6.82002775
6.85051512
6.83357488
6.80662525
6.80116887
6.82670825
6.79689775
6.79186688
6.81681863
6.81053125
6.78385963
6.82244638
6.79810450
6.80700237
6.79280325
6.82633338
6.77524213
6.78625825
6.77911688
6.80688563
6.81133388
6.84355187
