11.06862344
8.23401678
8.14330667
8.13839156
8.16522244
8.12183389
8.16910811
8.13229633
8.20297989
8.13509367
8.17015389
8.21677644
8.19895322
8.15618733
8.14847111
8.17243489
8.11830967
8.13481878
8.10376589
8.10566467
8.12827800
8.13068967
8.13912233
8.12351500
8.10795400
8.13350678
8.14844922
8.16008856
8.10373500
8.11583256
8.10573078
8.15624011
8.13642511
8.10187244
8.15710089
8.13183211
8.17703722
8.15374922
8.13214433
8.17869400
8.16727556
8.16837322
8.16712989
8.12409322
8.20962911
8.16311689
8.18236522
8.18395689
8.15975500
8.17758022
8.16418778
8.15500589
8.15435289
8.15649656
8.11065867
8.13163911
8.09877956
8.09596289
8.10982278
8.14541744
8.33755300
8.25765844
8.14285644
8.11981044
8.16326244
8.14272922
8.09269578
8.16788111
8.15102722
8.14182789
8.16538244
8.14724811
8.12700900
8.18471011
8.09937033
8.16589489
8.11616833
8.14472689
8.15144622
8.12865278
8.12902211
8.16467956
8.11755000
8.13324678
8.10242122
8.08278678
8.11918389
8.09528544
8.06086644
8.06411189
8.10996011
8.13517178
8.12355222
8.14336322
8.13047744
8.09453111
8.12080578
8.18933544
8.15846600
8.13560878
8.10579533
8.10088844
8.11550011
8.08463011
8.20227067
8.12945511
8.08252078
8.15876478
8.15305644
8.11980011
8.09499478
8.10862111
8.08083800
8.10140133
8.11136678
8.09810256
8.12823822
8.08788744
8.05900389
8.09535744
8.08489044
8.11168244
8.11499833
8.10809456
8.08123522
8.11970122
8.06762133
8.05166133
8.06654967
8.03468422
8.08931278
8.09543467
8.10946900
8.06819833
8.08368278
8.12923511
8.17006733
8.13439278
8.12932878
8.07846022
8.04530989
8.13533278
8.11832456
8.12322922
8.10922844
8.12239378
8.12019578
8.09973767
8.05487233
8.11673611
8.08594467
8.12946378
8.07970689
8.11690611
8.13228089
8.12923633
8.14747411
8.26008200
8.21117067
8.10501167
8.19047622
8.14327811
8.12612956
8.12623422
8.13871789
8.13366811
8.15891556
8.12947389
8.13968378
8.13840522
8.14598856
8.13308256
8.19152200
8.16382889
8.16204389
8.19382667
8.13976922
8.11648978
8.14998778
8.11844111
8.16629400
8.11656611
8.10742633
8.12135967
8.09930322
8.13046389
8.14449267
8.16082322
8.15002456
8.11181989
8.13185722
8.11599933
8.16973833
8.19375133
8.11569656
8.14469922
8.11810100
8.11340989
8.08889922
8.14883033
8.15611533
8.14522067
8.17245689
8.14077911
8.15100056
8.17779322
8.16285633
8.12747044
8.14224511
8.12839256
8.13603222
8.13775911
8.16798433
8.10136789
8.12272756
8.15010533
8.14308167
8.21485111
8.08232100
8.16237033
8.14428544
8.12222622
8.08382056
8.10442889
8.16104567
8.10156356
8.09716767
8.11949256
8.14524489
8.13853800
8.14873278
8.14482378
8.11171689
8.05089456
8.08389056
8.10690644
8.16405711
8.15261200
8.13155389
8.12000311
8.13146889
8.11590789
8.10109522
8.13467800
8.14832822
8.16017500
8.10388144
8.10566178
8.08345756
8.15510667
8.12328100
8.11297367
8.14201000
8.14420367
8.17637300
8.16374356
8.15870867
8.17023322
8.12830956
8.15455644
8.17667700
8.14316856
8.10889667
8.14216289
8.13977744
8.16354256
8.16510378
8.16815867
8.16931233
8.15862889
8.10871111
8.14578667
8.12418789
8.07976678
8.11742478
8.13177767
8.10681778
8.14212811
8.11951178
8.11577100
8.11620489
8.10407333
8.11068867
8.18666156
8.11827156
8.12535200
8.11784600
8.11372378
8.13208067
8.13543633
8.15279656
8.17967578
8.17115689
8.15515722
8.14698800
8.09916400
8.14108700
8.17945867
8.14462600
8.15666767
8.18250333
8.14105056
8.13430589
8.17910178
8.07724556
8.11923033
8.11354333
8.09872489
8.06465422
8.14913189
8.12859011
8.10764022
8.14276622
8.12667189
8.15208589
8.16865133
8.13274644
8.15448578
8.13945211
8.09890933
8.12978956
8.08852089
8.20146856
8.12890411
8.13903644
8.14864056
8.18154944
8.11187378
8.16597078
8.16198111
8.16847756
8.13850244
8.16540122
8.19053722
8.18119600
8.14336889
8.11350733
8.07735922
8.10257767
8.10230156
8.15702111
8.12314033
8.11745533
8.09660778
8.14536644
8.14153900
8.13615767
8.16590167
8.14372156
8.12937889
8.10671200
8.11923756
8.10761311
8.13545122
8.09353433
8.11995167
8.15175644
8.14645189
8.14232178
8.13513567
8.15722078
8.14716644
8.15811478
8.17492544
8.20219978
8.15886956
8.18315978
8.16691800
8.10948322
8.11275233
8.07989100
8.14366300
8.15819378
8.12177433
8.07639467
8.18253000
8.14545411
8.11372111
8.07482344
8.13344611
8.11658133
8.13165511
8.13696389
8.06759711
8.11680411
8.08184789
8.16232311
8.15576956
8.10655889
8.12286344
8.12222333
8.13564978
8.08393489
8.11772967
8.15124600
8.18362389
8.18705544
8.10113544
8.16677511
8.08243611
8.10394033
8.13815211
8.14496622
8.06808478
8.11793611
8.15767422
8.14597111
8.13929778
8.15852778
8.13757778
8.14281767
8.17414711
8.16204833
8.13916933
8.12121889
8.15375922
8.11774633
8.10954122
8.07776800
8.14511500
8.17201056
8.13871722
8.17304189
8.17064467
8.17901800
8.11769022
8.13483122
8.17263367
8.18791167
8.16636689
8.17047922
8.14564311
8.13316489
8.15023922
8.11814967
8.11175167
8.16642100
8.07187333
8.12010522
8.10804967
8.09519456
8.13036411
8.11494922
8.15559778
8.14972300
8.12214367
8.18090100
8.12915333
8.10459967
8.12378689
8.14877800
8.14811578
8.15602767
8.13399556
8.08839733
8.15503733
8.17967978
8.13731544
8.11646133
8.13719556
8.11451544
8.14980211
8.15763078
8.21386567
8.13563533
8.09823056
8.13229000
8.11172600
8.10511733
8.15428789
8.05689711
8.12830222
8.10075944
8.04918889
8.13950100
8.12201811
8.11275333
8.03245056
8.10990200
8.07627689
8.09537900
8.13037467
8.12633544
8.07910456
8.12413389
8.09588233
8.11904767
8.11052344
8.12862367
8.13527933
8.10282500
8.16748178
8.14847322
8.15462867
8.08282611
8.11785978
8.15076256
8.08499722
8.11108167
8.13847911
8.10714289
8.11172533
8.12283144
8.10561878
8.06873978
8.10529867
8.07830289
8.14652289
8.12158933
8.10292556
8.17271000
8.18637178
8.15697889
8.16563767
8.15305744
8.16430911
8.16480778
8.11607822
8.13385111
8.10759822
8.18778189
8.18812422
8.16546867
8.18437700
8.19581956
8.18457767
8.17113611
8.14556144
8.16193000
8.12095100
8.16268900
8.16260033
8.15044256
8.18054178
8.15866222
8.12601522
8.13096367
8.16167522
8.16017600
8.16439911
8.18418689
8.14898556
8.13029433
8.11789233
8.07429678
8.06478433
8.04392978
8.11070356
8.10068344
8.12503600
8.15868133
8.07608622
8.12654622
8.15710078
8.13781022
8.16217678
8.18190333
8.08931389
8.13303489
8.14530444
8.16524800
8.11013600
8.15873644
8.14769267
8.14290311
8.11998111
8.13985256
8.09321833
8.14447967
8.14056556
8.14993211
8.11665044
8.14888211
8.12169367
8.13735044
8.12573989
8.13244622
8.12866633
8.17448867
8.15835844
8.16480844
8.10724000
8.13434956
8.13400289
8.14707367
8.15079400
8.12746544
8.18268878
8.14251667
8.11514767
8.10603422
8.17378756
8.12069056
8.16955244
8.11635344
8.15206189
8.06922044
8.10307767
8.12869633
8.16148922
8.12690367
8.09055567
8.15784244
8.20116522
8.12474100
8.16187522
8.10336989
8.14226644
8.11928711
8.14988311
8.08037122
8.16194933
8.13009856
8.10109867
8.11033189
8.12766867
8.11430333
8.14598700
8.15012489
8.19109189
8.18620767
8.19233522
8.16263233
8.13244000
8.14872089
8.12249233
8.14664822
8.14626467
8.14432122
8.09623033
8.12083633
8.13955522
8.14046811
8.17205811
8.10353211
8.07882800
8.15032611
8.10964433
8.14925033
8.12839044
8.12463678
8.13641033
8.08778633
8.16346956
8.14177989
8.10999144
8.13797100
8.20863133
8.07537622
8.18353233
8.16144800
8.16116844
8.20165867
8.15939944
8.13607656
8.14269256
8.13806322
8.10805611
8.12803411
8.09156500
8.11060667
8.10279511
8.14333978
8.11292433
8.14095811
8.16925967
8.11778967
8.15010678
8.14867789
8.08756600
8.15252978
8.07646000
8.10707467
8.15812867
8.09323889
8.14215622
8.13334889
8.16046756
8.12943133
8.16382311
8.14575378
8.13303911
8.16701344
8.20315544
8.09008400
8.18202533
8.14957411
8.17080433
8.12333200
8.07951811
8.26632722
8.11711911
8.15546244
8.09123856
8.11677989
8.12037678
8.13535522
8.10326144
8.12998356
8.12623956
8.14723367
8.13085989
8.15108833
8.12199156
8.09516033
8.09831133
8.11630800
8.13785256
8.10650600
8.21947400
8.14542733
8.16211844
8.15758444
8.15658222
8.13197478
8.16351300
8.17756500
8.14088600
8.15304944
8.15586078
8.13814389
8.13226356
8.16506778
8.12531044
8.10068544
8.14255656
8.10770633
8.10345678
8.13042467
8.13521656
8.14279211
8.18615878
8.13113567
8.10791178
8.13261489
8.12638367
8.11283544
8.14335700
8.11817856
8.13358133
8.08285289
8.12001578
8.12510500
8.15595800
8.15510378
8.18024811
8.11922756
8.19037989
8.15794033
8.13422456
8.11943456
8.14501611
8.14008944
8.46407089
8.13146867
8.12455856
8.07252478
8.10517711
8.14663200
8.15007733
8.12968789
8.10014367
8.17998967
8.14721800
8.08442067
8.14763044
8.11858178
8.11811956
8.14957778
8.09062944
8.19077622
8.14342122
8.22509367
8.16383100
8.16255367
8.12262233
8.12318444
8.14325878
8.14253911
8.16066900
8.14144833
8.11268689
8.14169467
8.16004733
8.15295922
8.12090767
8.07781522
8.12326856
8.04132644
8.12267600
8.05386878
8.15207278
8.10380644
8.12229711
8.14588100
8.13721356
8.17125444
8.13944833
8.10687111
8.14892322
8.06939133
8.10567811
8.14257644
8.15071211
8.12092256
8.11481089
8.14410300
8.13689500
8.15526456
8.14481167
8.17743267
8.16121033
8.20470122
8.16922756
8.17570133
8.15214356
8.14378844
8.14138578
8.14042744
8.13602222
8.10845589
8.08837400
8.11229700
8.13015567
8.05373922
8.12321811
8.13864844
8.14772500
8.15205456
8.09705711
8.12391944
8.17680622
8.14169867
8.10394800
8.11625433
8.16668344
8.12389189
8.11145911
8.14077656
8.17415933
8.18364500
8.14833011
8.12679289
8.16450522
8.18599711
8.18687033
8.12032333
8.15550244
8.11118056
8.13483633
8.16112311
8.08348378
8.13515200
8.15473322
8.12937433
8.11342367
8.14513067
8.18003522
8.18123911
8.17815800
8.15318800
8.14735378
8.16817900
8.15782478
8.12782633
8.16455344
8.11535767
8.14731944
8.19297456
8.13560511
8.16523678
8.17331011
8.13137111
8.18340622
8.13890667
8.15739978
8.18236444
8.16980467
8.15454722
8.13035189
8.10720767
8.13880911
8.08664000
8.12606033
8.15099500
8.12365111
8.13796567
8.09311544
8.15103300
8.11253622
8.15301144
8.15831367
8.13365278
8.16270122
8.18765111
8.14025644
8.13524800
8.13752700
8.07140300
8.15662922
8.13910267
8.14546378
8.13974578
8.15551044
8.17128144
8.20053100
8.13291844
8.09054367
8.13608789
8.14033878
8.11492844
8.14728756
8.13136956
8.13546867
8.09586767
8.12795922
8.09070167
8.13185167
8.07871889
8.09279722
8.14510800
8.16861322
8.14878033
8.14936944
8.17536356
8.08639256
8.11108967
8.16003156
8.10499967
8.12431911
8.17237178
8.08408244
8.13166356
8.15227211
8.14664533
8.14400344
8.16491178
8.10306911
8.12761789
8.18346611
8.19165622
8.17510444
8.11644567
8.09790700
8.10154467
8.11246100
8.11054244
8.09784089
8.10684611
8.09951867
8.07864133
8.07055056
8.09760122
8.04243000
8.12281467
8.15367456
8.08620511
8.10113189
8.04915000
8.10387144
8.12099100
8.09681656
8.07667144
8.08492344
8.14091467
8.06526500
8.07836778
8.14455789
8.15263522
8.10823500
8.08728611
8.08438389
8.15402156
8.09647578
8.11504856
8.11627067
8.13781889
8.11211044
8.13603078
8.08793089
8.11388600
8.10679178
8.08850467
8.08959433
8.09758900
8.12369844
8.07215356
8.09985811
8.08722100
8.08150489
8.06642644
8.04472033
8.07004111
8.09187344
8.06205778
8.09753878
8.09061789
8.11065944
8.12536833
8.14050067
